-31.000000, -57.699997, 0.000000
-30.942718, -57.700268, 0.379820
-30.885907, -57.700824, 0.723595
-30.829514, -57.701635, 1.033395
-30.773491, -57.702670, 1.311288
-30.717784, -57.703897, 1.559342
-30.662345, -57.705286, 1.779626
-30.607121, -57.706807, 1.974209
-30.552063, -57.708427, 2.145158
-30.497119, -57.710117, 2.294542
-30.442238, -57.711846, 2.424430
-30.387371, -57.713583, 2.536890
-30.332465, -57.715296, 2.633991
-30.277470, -57.716955, 2.717801
-30.222335, -57.718530, 2.790388
-30.167010, -57.719989, 2.853821
-30.111443, -57.721301, 2.910169
-30.055584, -57.722436, 2.961500
-29.999382, -57.723362, 3.009883
-29.942786, -57.724050, 3.057385
-29.885745, -57.724468, 3.106076
-29.828226, -57.724597, 3.157622
-29.770271, -57.724473, 3.211937
-29.711944, -57.724146, 3.268453
-29.653306, -57.723666, 3.326604
-29.594422, -57.723083, 3.385821
-29.535354, -57.722447, 3.445538
-29.476165, -57.721807, 3.505188
-29.416919, -57.721215, 3.564203
-29.357678, -57.720719, 3.622017
-29.298505, -57.720371, 3.678063
-29.239470, -57.720209, 3.731876
-29.180670, -57.720218, 3.783473
-29.122209, -57.720371, 3.833002
-29.064192, -57.720639, 3.880615
-29.006725, -57.720994, 3.926461
-28.949911, -57.721407, 3.970692
-28.893857, -57.721850, 4.013458
-28.838667, -57.722294, 4.054910
-28.784445, -57.722711, 4.095197
-28.731298, -57.723072, 4.134470
-28.679285, -57.723355, 4.172870
-28.628257, -57.723564, 4.210491
-28.578001, -57.723714, 4.247413
-28.528305, -57.723817, 4.283715
-28.478956, -57.723887, 4.319478
-28.429742, -57.723938, 4.354781
-28.380449, -57.723983, 4.389705
-28.330864, -57.724035, 4.424328
-28.280777, -57.724108, 4.458732
-28.229973, -57.724214, 4.492995
-28.178286, -57.724365, 4.527199
-28.125781, -57.724552, 4.561424
-28.072594, -57.724760, 4.595753
-28.018863, -57.724975, 4.630268
-27.964724, -57.725184, 4.665050
-27.910314, -57.725372, 4.700183
-27.855771, -57.725526, 4.735747
-27.801230, -57.725631, 4.771826
-27.746829, -57.725673, 4.808501
-27.692705, -57.725639, 4.845854
-27.638960, -57.725517, 4.883889
-27.585525, -57.725316, 4.922202
-27.532270, -57.725049, 4.960255
-27.479068, -57.724729, 4.997510
-27.425790, -57.724372, 5.033429
-27.372309, -57.723990, 5.067474
-27.318495, -57.723597, 5.099107
-27.264221, -57.723207, 5.127790
-27.209359, -57.722834, 5.152986
-27.153780, -57.722491, 5.174156
-27.097382, -57.722191, 5.190910
-27.040207, -57.721931, 5.203672
-26.982348, -57.721707, 5.213140
-26.923894, -57.721513, 5.220014
-26.864937, -57.721345, 5.224995
-26.805569, -57.721197, 5.228781
-26.745880, -57.721063, 5.232073
-26.685962, -57.720939, 5.235570
-26.625906, -57.720820, 5.239973
-26.565803, -57.720699, 5.245980
-26.505726, -57.720572, 5.254210
-26.445635, -57.720439, 5.264809
-26.385453, -57.720298, 5.277757
-26.325101, -57.720149, 5.293033
-26.264500, -57.719993, 5.310614
-26.203574, -57.719828, 5.330481
-26.142244, -57.719654, 5.352613
-26.080432, -57.719472, 5.376987
-26.018058, -57.719280, 5.403583
-25.955047, -57.719079, 5.432381
-25.891357, -57.718868, 5.463313
-25.827186, -57.718650, 5.496046
-25.762818, -57.718424, 5.530144
-25.698536, -57.718194, 5.565172
-25.634625, -57.717961, 5.600695
-25.571368, -57.717727, 5.636277
-25.509050, -57.717493, 5.671484
-25.447954, -57.717262, 5.705880
-25.388365, -57.717035, 5.739030
-25.330567, -57.716814, 5.770500
-25.274781, -57.716601, 5.799892
-25.220838, -57.716394, 5.827064
-25.168419, -57.716195, 5.851969
-25.117202, -57.716001, 5.874560
-25.066866, -57.715812, 5.894791
-25.017091, -57.715626, 5.912615
-24.967556, -57.715444, 5.927986
-24.917939, -57.715264, 5.940857
-24.867920, -57.715085, 5.951182
-24.817178, -57.714907, 5.958914
-24.765444, -57.714729, 5.964024
-24.712791, -57.714549, 5.966590
-24.659432, -57.714365, 5.966738
-24.605579, -57.714177, 5.964590
-24.551444, -57.713982, 5.960273
-24.497240, -57.713778, 5.953908
-24.443178, -57.713566, 5.945622
-24.389472, -57.713342, 5.935537
-24.336335, -57.713105, 5.923779
-24.283977, -57.712853, 5.910471
-24.232561, -57.712587, 5.895736
-24.181896, -57.712308, 5.879697
-24.131640, -57.712022, 5.862471
-24.081452, -57.711735, 5.844178
-24.030991, -57.711450, 5.824938
-23.979916, -57.711174, 5.804869
-23.927887, -57.710912, 5.784091
-23.874560, -57.710668, 5.762724
-23.819596, -57.710448, 5.740886
-23.762653, -57.710257, 5.718696
-23.703452, -57.710099, 5.696271
-23.642154, -57.709971, 5.673700
-23.579120, -57.709867, 5.651062
-23.514709, -57.709779, 5.628434
-23.449280, -57.709702, 5.605895
-23.383194, -57.709630, 5.583523
-23.316809, -57.709556, 5.561396
-23.250485, -57.709473, 5.539593
-23.184582, -57.709375, 5.518191
-23.119459, -57.709257, 5.497269
-23.055425, -57.709111, 5.476922
-22.992395, -57.708935, 5.457363
-22.930105, -57.708726, 5.438865
-22.868288, -57.708482, 5.421698
-22.806679, -57.708202, 5.406133
-22.745012, -57.707883, 5.392443
-22.683022, -57.707524, 5.380897
-22.620442, -57.707121, 5.371767
-22.557008, -57.706674, 5.365324
-22.492453, -57.706180, 5.361840
-22.426570, -57.705637, 5.361544
-22.359624, -57.705054, 5.364337
-22.292103, -57.704440, 5.369961
-22.224497, -57.703808, 5.378159
-22.157297, -57.703168, 5.388672
-22.090994, -57.702530, 5.401242
-22.026077, -57.701907, 5.415611
-21.963036, -57.701308, 5.431520
-21.902364, -57.700746, 5.448711
-21.844549, -57.700230, 5.466926
-21.789988, -57.699771, 5.485924
-21.738294, -57.699363, 5.505621
-21.688688, -57.698995, 5.526005
-21.640387, -57.698654, 5.547068
-21.592611, -57.698329, 5.568800
-21.544575, -57.698008, 5.591193
-21.495499, -57.697678, 5.614238
-21.444600, -57.697328, 5.637925
-21.391097, -57.696946, 5.662244
-21.334206, -57.696520, 5.687188
-21.273262, -57.696039, 5.712714
-21.208605, -57.695509, 5.738487
-21.141105, -57.694942, 5.764022
-21.071633, -57.694351, 5.788832
-21.001062, -57.693748, 5.812428
-20.930265, -57.693146, 5.834325
-20.860113, -57.692559, 5.854034
-20.791479, -57.691998, 5.871069
-20.725236, -57.691476, 5.884942
-20.662255, -57.691007, 5.895166
-20.603305, -57.690601, 5.901311
-20.548169, -57.690254, 5.903484
-20.496104, -57.689954, 5.902081
-20.446359, -57.689688, 5.897502
-20.398182, -57.689446, 5.890146
-20.350824, -57.689213, 5.880413
-20.303533, -57.688978, 5.868701
-20.255560, -57.688730, 5.855411
-20.206153, -57.688454, 5.840942
-20.154563, -57.688140, 5.825692
-20.100107, -57.687775, 5.810039
-20.042780, -57.687361, 5.794132
-19.982960, -57.686903, 5.777989
-19.921027, -57.686408, 5.761632
-19.857362, -57.685882, 5.745079
-19.792346, -57.685333, 5.728349
-19.726359, -57.684765, 5.711461
-19.659782, -57.684186, 5.694435
-19.592997, -57.683601, 5.677290
-19.526384, -57.683019, 5.660045
-19.460300, -57.682444, 5.642725
-19.394855, -57.681878, 5.625426
-19.330012, -57.681321, 5.608281
-19.265735, -57.680773, 5.591427
-19.201986, -57.680233, 5.574997
-19.138728, -57.679700, 5.559128
-19.075923, -57.679175, 5.543955
-19.013533, -57.678656, 5.529613
-18.951522, -57.678144, 5.516237
-18.889852, -57.677637, 5.503961
-18.828479, -57.677135, 5.492928
-18.767293, -57.676637, 5.483331
-18.706146, -57.676143, 5.475401
-18.644888, -57.675650, 5.469368
-18.583367, -57.675159, 5.465460
-18.521434, -57.674667, 5.463908
-18.458938, -57.674173, 5.464942
-18.395730, -57.673677, 5.468791
-18.331659, -57.673177, 5.475686
-18.266574, -57.672672, 5.485855
-18.200355, -57.672160, 5.499488
-18.133200, -57.671644, 5.516291
-18.065516, -57.671122, 5.535665
-17.997709, -57.670596, 5.557006
-17.930188, -57.670068, 5.579711
-17.863362, -57.669538, 5.603177
-17.797638, -57.669007, 5.626799
-17.733424, -57.668477, 5.649973
-17.671130, -57.667947, 5.672097
-17.611162, -57.667420, 5.692566
-17.553890, -57.666897, 5.710816
-17.499193, -57.666377, 5.726750
-17.446632, -57.665860, 5.740585
-17.395760, -57.665346, 5.752541
-17.346129, -57.664836, 5.762838
-17.297294, -57.664328, 5.771698
-17.248808, -57.663823, 5.779342
-17.200224, -57.663320, 5.785989
-17.151095, -57.662820, 5.791862
-17.100975, -57.662322, 5.797181
-17.049450, -57.661825, 5.802151
-16.996533, -57.661332, 5.806793
-16.942525, -57.660843, 5.810999
-16.887739, -57.660359, 5.814656
-16.832483, -57.659883, 5.817654
-16.777067, -57.659416, 5.819881
-16.721801, -57.658958, 5.821226
-16.666996, -57.658512, 5.821578
-16.612960, -57.658079, 5.820826
-16.560003, -57.657661, 5.818858
-16.508407, -57.657258, 5.815573
-16.458061, -57.656868, 5.810990
-16.408574, -57.656486, 5.805220
-16.359550, -57.656105, 5.798373
-16.310591, -57.655719, 5.790560
-16.261301, -57.655323, 5.781893
-16.211283, -57.654911, 5.772481
-16.160139, -57.654478, 5.762437
-16.107474, -57.654017, 5.751871
-16.052889, -57.653522, 5.740893
-15.996015, -57.652989, 5.729610
-15.936856, -57.652419, 5.718037
-15.875699, -57.651818, 5.706125
-15.812834, -57.651191, 5.693822
-15.748553, -57.650546, 5.681077
-15.683150, -57.649888, 5.667840
-15.616916, -57.649223, 5.654058
-15.550142, -57.648558, 5.639681
-15.483122, -57.647899, 5.624658
-15.416146, -57.647252, 5.608938
-15.349497, -57.646622, 5.592483
-15.283295, -57.646012, 5.575491
-15.217539, -57.645419, 5.558336
-15.152224, -57.644841, 5.541398
-15.087342, -57.644275, 5.525055
-15.022890, -57.643719, 5.509689
-14.958861, -57.643171, 5.495679
-14.895249, -57.642628, 5.483404
-14.832050, -57.642088, 5.473243
-14.769257, -57.641549, 5.465578
-14.706860, -57.641008, 5.460764
-14.644768, -57.640463, 5.458795
-14.582825, -57.639914, 5.459367
-14.520874, -57.639358, 5.462170
-14.458756, -57.638795, 5.466894
-14.396314, -57.638223, 5.473228
-14.333390, -57.637640, 5.480863
-14.269827, -57.637045, 5.489486
-14.205467, -57.636437, 5.498788
-14.140153, -57.635814, 5.508459
-14.073742, -57.635176, 5.518196
-14.006368, -57.634523, 5.527861
-13.938395, -57.633862, 5.537446
-13.870193, -57.633197, 5.546950
-13.802135, -57.632534, 5.556371
-13.734592, -57.631876, 5.565709
-13.667933, -57.631230, 5.574961
-13.602531, -57.630600, 5.584125
-13.538756, -57.629991, 5.593200
-13.476980, -57.629409, 5.602185
-13.417553, -57.628858, 5.611080
-13.360466, -57.628337, 5.619925
-13.305390, -57.627843, 5.628799
-13.251989, -57.627369, 5.637780
-13.199924, -57.626911, 5.646944
-13.148860, -57.626465, 5.656372
-13.098457, -57.626025, 5.666139
-13.048379, -57.625585, 5.676326
-12.998288, -57.625142, 5.687009
-12.947847, -57.624691, 5.698267
-12.896730, -57.624225, 5.710169
-12.844833, -57.623745, 5.722592
-12.792257, -57.623250, 5.735243
-12.739109, -57.622741, 5.747823
-12.685496, -57.622218, 5.760031
-12.631524, -57.621684, 5.771568
-12.577302, -57.621139, 5.782133
-12.522935, -57.620583, 5.791427
-12.468532, -57.620018, 5.799150
-12.414200, -57.619444, 5.805003
-12.360042, -57.618863, 5.808697
-12.306129, -57.618275, 5.810205
-12.252493, -57.617685, 5.809743
-12.199166, -57.617094, 5.807536
-12.146180, -57.616507, 5.803810
-12.093567, -57.615925, 5.798791
-12.041359, -57.615352, 5.792706
-11.989588, -57.614790, 5.785778
-11.938286, -57.614243, 5.778235
-11.887485, -57.613714, 5.770302
-11.837211, -57.613205, 5.762198
-11.787374, -57.612715, 5.753970
-11.737765, -57.612240, 5.745504
-11.688173, -57.611774, 5.736676
-11.638386, -57.611313, 5.727364
-11.588191, -57.610853, 5.717443
-11.537377, -57.610388, 5.706791
-11.485731, -57.609913, 5.695284
-11.433042, -57.609425, 5.682800
-11.379097, -57.608917, 5.669215
-11.323692, -57.608385, 5.654415
-11.266801, -57.607829, 5.638501
-11.208578, -57.607251, 5.621793
-11.149189, -57.606655, 5.604620
-11.088796, -57.606044, 5.587313
-11.027563, -57.605422, 5.570201
-10.965654, -57.604790, 5.553614
-10.903233, -57.604154, 5.537882
-10.840464, -57.603515, 5.523334
-10.777510, -57.602878, 5.510300
-10.714532, -57.602245, 5.499103
-10.651602, -57.601618, 5.489859
-10.588698, -57.600995, 5.482470
-10.525796, -57.600376, 5.476826
-10.462869, -57.599760, 5.472819
-10.399892, -57.599146, 5.470338
-10.336839, -57.598532, 5.469274
-10.273684, -57.597919, 5.469519
-10.210403, -57.597304, 5.470962
-10.146969, -57.596688, 5.473494
-10.083358, -57.596068, 5.477008
-10.019584, -57.595446, 5.481448
-9.955702, -57.594820, 5.486813
-9.891771, -57.594192, 5.493109
-9.827849, -57.593562, 5.500338
-9.763993, -57.592930, 5.508503
-9.700261, -57.592297, 5.517608
-9.636712, -57.591664, 5.527657
-9.573403, -57.591030, 5.538653
-9.510392, -57.590396, 5.550599
-9.447736, -57.589762, 5.563496
-9.385427, -57.589130, 5.577232
-9.323388, -57.588498, 5.591572
-9.261538, -57.587866, 5.606272
-9.199795, -57.587234, 5.621089
-9.138077, -57.586603, 5.635780
-9.076304, -57.585971, 5.650101
-9.014394, -57.585339, 5.663809
-8.952264, -57.584706, 5.676660
-8.889835, -57.584073, 5.688412
-8.827025, -57.583439, 5.698827
-8.763796, -57.582804, 5.707845
-8.700160, -57.582167, 5.715623
-8.636134, -57.581529, 5.722327
-8.571731, -57.580888, 5.728125
-8.506966, -57.580245, 5.733185
-8.441855, -57.579598, 5.737674
-8.376413, -57.578948, 5.741760
-8.310654, -57.578294, 5.745610
-8.244594, -57.577637, 5.749392
-8.178249, -57.576974, 5.753268
-8.111673, -57.576306, 5.757227
-8.044967, -57.575632, 5.761045
-7.978233, -57.574951, 5.764484
-7.911576, -57.574263, 5.767303
-7.845099, -57.573566, 5.769265
-7.778907, -57.572859, 5.770132
-7.713101, -57.572142, 5.769664
-7.647788, -57.571413, 5.767623
-7.583068, -57.570673, 5.763770
-7.519046, -57.569920, 5.757873
-7.455748, -57.569154, 5.749904
-7.393107, -57.568377, 5.740102
-7.331052, -57.567591, 5.728723
-7.269509, -57.566797, 5.716023
-7.208404, -57.565999, 5.702259
-7.147666, -57.565197, 5.687687
-7.087220, -57.564393, 5.672563
-7.026994, -57.563589, 5.657143
-6.966915, -57.562787, 5.641683
-6.906910, -57.561989, 5.626439
-6.846916, -57.561195, 5.611617
-6.786881, -57.560406, 5.597355
-6.726756, -57.559620, 5.583790
-6.666489, -57.558838, 5.571057
-6.606030, -57.558060, 5.559291
-6.545330, -57.557283, 5.548627
-6.484338, -57.556510, 5.539200
-6.423003, -57.555738, 5.531147
-6.361275, -57.554968, 5.524601
-6.299105, -57.554198, 5.519697
-6.236500, -57.553430, 5.516471
-6.173543, -57.552662, 5.514822
-6.110322, -57.551893, 5.514641
-6.046928, -57.551124, 5.515820
-5.983449, -57.550353, 5.518248
-5.919975, -57.549581, 5.521816
-5.856595, -57.548806, 5.526415
-5.793398, -57.548029, 5.531936
-5.730473, -57.547248, 5.538268
-5.667909, -57.546464, 5.545302
-5.605707, -57.545675, 5.552909
-5.543748, -57.544883, 5.560930
-5.481904, -57.544086, 5.569206
-5.420044, -57.543284, 5.577578
-5.358041, -57.542478, 5.585883
-5.295765, -57.541668, 5.593964
-5.233086, -57.540852, 5.601660
-5.169876, -57.540032, 5.608810
-5.106006, -57.539207, 5.615255
-5.041349, -57.538376, 5.620838
-4.975963, -57.537542, 5.625561
-4.910180, -57.536708, 5.629665
-4.844356, -57.535877, 5.633413
-4.778848, -57.535053, 5.637066
-4.714010, -57.534239, 5.640888
-4.650198, -57.533440, 5.645139
-4.587769, -57.532658, 5.650082
-4.527078, -57.531898, 5.655979
-4.468480, -57.531163, 5.663091
-4.412327, -57.530457, 5.671678
-4.358629, -57.529779, 5.681758
-4.306869, -57.529122, 5.692979
-4.256480, -57.528479, 5.704953
-4.206897, -57.527844, 5.717293
-4.157553, -57.527209, 5.729613
-4.107884, -57.526566, 5.741526
-4.057324, -57.525908, 5.752645
-4.005307, -57.525229, 5.762583
-3.951267, -57.524520, 5.770953
-3.894644, -57.523776, 5.777372
-3.835281, -57.522993, 5.781657
-3.773675, -57.522180, 5.783954
-3.710386, -57.521345, 5.784439
-3.645973, -57.520495, 5.783290
-3.580996, -57.519640, 5.780683
-3.516013, -57.518786, 5.776795
-3.451584, -57.517943, 5.771801
-3.388267, -57.517119, 5.765880
-3.326623, -57.516321, 5.759208
-3.267206, -57.515558, 5.751960
-3.210279, -57.514832, 5.744280
-3.155607, -57.514139, 5.736249
-3.102907, -57.513472, 5.727947
-3.051895, -57.512824, 5.719451
-3.002287, -57.512189, 5.710840
-2.953799, -57.511560, 5.702190
-2.906148, -57.510932, 5.693581
-2.859050, -57.510297, 5.685089
-2.812222, -57.509650, 5.676793
-2.765380, -57.508983, 5.668771
-2.718271, -57.508295, 5.661077
-2.670695, -57.507591, 5.653726
-2.622458, -57.506876, 5.646726
-2.573365, -57.506156, 5.640089
-2.523224, -57.505437, 5.633823
-2.471838, -57.504725, 5.627939
-2.419014, -57.504025, 5.622446
-2.364558, -57.503344, 5.617355
-2.308275, -57.502686, 5.612674
-2.249973, -57.502059, 5.608414
-2.189591, -57.501462, 5.604552
-2.127316, -57.500889, 5.601001
-2.063360, -57.500331, 5.597672
-1.997936, -57.499780, 5.594473
-1.931256, -57.499228, 5.591312
-1.863533, -57.498667, 5.588098
-1.794979, -57.498088, 5.584741
-1.725807, -57.497484, 5.581148
-1.656230, -57.496845, 5.577229
-1.586460, -57.496165, 5.572894
-1.516718, -57.495439, 5.568165
-1.447244, -57.494677, 5.563288
-1.378278, -57.493888, 5.558530
-1.310061, -57.493081, 5.554159
-1.242833, -57.492266, 5.550445
-1.176836, -57.491452, 5.547656
-1.112310, -57.490648, 5.546060
-1.049496, -57.489865, 5.545926
-0.988634, -57.489112, 5.547523
-0.929964, -57.488397, 5.551116
-0.873513, -57.487726, 5.556786
-0.818885, -57.487092, 5.564234
-0.765632, -57.486489, 5.573117
-0.713307, -57.485909, 5.583092
-0.661463, -57.485346, 5.593815
-0.609653, -57.484793, 5.604944
-0.557430, -57.484242, 5.616135
-0.504346, -57.483687, 5.627044
-0.449955, -57.483121, 5.637330
-0.393809, -57.482537, 5.646649
-0.335655, -57.481930, 5.654801
-0.275634, -57.481302, 5.661881
-0.213939, -57.480653, 5.668021
-0.150763, -57.479985, 5.673353
-0.086298, -57.479301, 5.678009
-0.020736, -57.478600, 5.682122
0.045730, -57.477886, 5.685823
0.112908, -57.477159, 5.689245
0.180605, -57.476421, 5.692519
0.248628, -57.475673, 5.695777
0.316754, -57.474918, 5.699092
0.384691, -57.474161, 5.702404
0.452138, -57.473406, 5.705639
0.518795, -57.472658, 5.708720
0.584361, -57.471922, 5.711572
0.648535, -57.471203, 5.714120
0.711017, -57.470504, 5.716286
0.771506, -57.469832, 5.717998
0.829701, -57.469191, 5.719177
0.885302, -57.468586, 5.719749
0.938257, -57.468018, 5.719651
0.989069, -57.467480, 5.718849
1.038319, -57.466964, 5.717312
1.086588, -57.466464, 5.715010
1.134457, -57.465971, 5.711912
1.182506, -57.465478, 5.707988
1.231318, -57.464976, 5.703207
1.281473, -57.464459, 5.697540
1.333552, -57.463918, 5.690955
1.388134, -57.463346, 5.683423
1.445538, -57.462739, 5.674959
1.505458, -57.462097, 5.665689
1.567499, -57.461426, 5.655753
1.631266, -57.460729, 5.645292
1.696364, -57.460008, 5.634446
1.762397, -57.459267, 5.623357
1.828972, -57.458510, 5.612166
1.895693, -57.457741, 5.601012
1.962165, -57.456962, 5.590037
2.027994, -57.456177, 5.579382
2.092922, -57.455392, 5.569172
2.157036, -57.454615, 5.559499
2.220473, -57.453855, 5.550447
2.283371, -57.453124, 5.542101
2.345865, -57.452431, 5.534547
2.408095, -57.451784, 5.527869
2.470197, -57.451195, 5.522152
2.532309, -57.450673, 5.517481
2.594567, -57.450228, 5.513942
2.657110, -57.449869, 5.511619
2.720039, -57.449600, 5.510586
2.783366, -57.449405, 5.510891
2.847088, -57.449268, 5.512574
2.911205, -57.449171, 5.515678
2.975712, -57.449096, 5.520244
3.040608, -57.449027, 5.526315
3.105890, -57.448946, 5.533933
3.171555, -57.448835, 5.543139
3.237602, -57.448678, 5.553975
3.304029, -57.448456, 5.566483
3.370778, -57.448160, 5.580610
3.437655, -57.447797, 5.596042
3.504439, -57.447381, 5.612427
3.570910, -57.446921, 5.629410
3.636847, -57.446430, 5.646635
3.702031, -57.445920, 5.663749
3.766241, -57.445402, 5.680397
3.829257, -57.444887, 5.696224
3.890859, -57.444388, 5.710876
3.950827, -57.443915, 5.724000
4.009028, -57.443478, 5.735366
4.065577, -57.443074, 5.745107
4.120631, -57.442702, 5.753413
4.174346, -57.442358, 5.760477
4.226880, -57.442039, 5.766490
4.278390, -57.441742, 5.771647
4.329032, -57.441465, 5.776137
4.378965, -57.441205, 5.780154
4.428344, -57.440958, 5.783890
4.477327, -57.440722, 5.787536
4.526097, -57.440494, 5.791199
4.574913, -57.440271, 5.794728
4.624047, -57.440049, 5.797927
4.673772, -57.439826, 5.800601
4.724362, -57.439598, 5.802552
4.776088, -57.439362, 5.803586
4.829223, -57.439115, 5.803505
4.884040, -57.438853, 5.802114
4.940812, -57.438574, 5.799217
4.999812, -57.438273, 5.794618
5.061188, -57.437950, 5.788204
5.124711, -57.437608, 5.780115
5.190078, -57.437248, 5.770543
5.256988, -57.436876, 5.759678
5.325137, -57.436494, 5.747709
5.394225, -57.436106, 5.734827
5.463949, -57.435716, 5.721222
5.534007, -57.435327, 5.707084
5.604097, -57.434942, 5.692602
5.673916, -57.434565, 5.677968
5.743225, -57.434199, 5.663358
5.811980, -57.433843, 5.648904
5.880180, -57.433496, 5.634730
5.947822, -57.433156, 5.620960
6.014902, -57.432824, 5.607718
6.081418, -57.432497, 5.595128
6.147368, -57.432175, 5.583314
6.212749, -57.431856, 5.572399
6.277557, -57.431540, 5.562508
6.341790, -57.431225, 5.553764
6.405481, -57.430911, 5.546252
6.468776, -57.430596, 5.539918
6.531848, -57.430282, 5.534682
6.594868, -57.429966, 5.530464
6.658009, -57.429650, 5.527183
6.721442, -57.429332, 5.524759
6.785340, -57.429012, 5.523111
6.849874, -57.428691, 5.522159
6.915216, -57.428367, 5.521823
6.981538, -57.428040, 5.522021
7.048898, -57.427711, 5.522703
7.116954, -57.427380, 5.523919
7.185278, -57.427048, 5.525741
7.253441, -57.426718, 5.528241
7.321014, -57.426391, 5.531493
7.387569, -57.426067, 5.535568
7.452676, -57.425749, 5.540539
7.515907, -57.425438, 5.546479
7.576834, -57.425135, 5.553460
7.635028, -57.424842, 5.561554
7.690264, -57.424559, 5.570776
7.743069, -57.424288, 5.580933
7.794141, -57.424027, 5.591783
7.844178, -57.423776, 5.603083
7.893876, -57.423536, 5.614592
7.943934, -57.423306, 5.626067
7.995048, -57.423085, 5.637268
8.047918, -57.422875, 5.647952
8.103239, -57.422674, 5.657876
8.161711, -57.422483, 5.666800
8.223770, -57.422300, 5.674547
8.288862, -57.422128, 5.681196
8.356193, -57.421964, 5.686886
8.424973, -57.421810, 5.691756
8.494407, -57.421666, 5.695945
8.563704, -57.421531, 5.699592
8.632070, -57.421407, 5.702836
8.698713, -57.421292, 5.705816
8.762842, -57.421187, 5.708672
8.823662, -57.421093, 5.711541
8.880640, -57.421008, 5.714530
8.934272, -57.420930, 5.717611
8.985314, -57.420856, 5.720722
9.034520, -57.420781, 5.723802
9.082646, -57.420704, 5.726789
9.130447, -57.420620, 5.729622
9.178677, -57.420526, 5.732240
9.228092, -57.420418, 5.734580
9.279446, -57.420294, 5.736582
9.333496, -57.420149, 5.738184
9.390799, -57.419983, 5.739314
9.451095, -57.419796, 5.739854
9.513909, -57.419595, 5.739675
9.578765, -57.419382, 5.738647
9.645188, -57.419162, 5.736640
9.712703, -57.418939, 5.733525
9.780835, -57.418717, 5.729173
9.849108, -57.418501, 5.723453
9.917047, -57.418294, 5.716237
9.984178, -57.418100, 5.707395
10.050126, -57.417923, 5.696875
10.114970, -57.417762, 5.684969
10.178910, -57.417614, 5.672060
10.242144, -57.417477, 5.658534
10.304873, -57.417348, 5.644773
10.367297, -57.417226, 5.631163
10.429615, -57.417108, 5.618089
10.492028, -57.416992, 5.605933
10.554734, -57.416876, 5.595081
10.617934, -57.416757, 5.585917
10.681777, -57.416634, 5.578736
10.746172, -57.416506, 5.573425
10.810963, -57.416375, 5.569756
10.875993, -57.416241, 5.567497
10.941105, -57.416106, 5.566420
11.006142, -57.415969, 5.566296
11.070948, -57.415832, 5.566895
11.135365, -57.415696, 5.567987
11.199237, -57.415561, 5.569344
11.262407, -57.415428, 5.570735
11.324752, -57.415298, 5.571971
11.386315, -57.415171, 5.573050
11.447190, -57.415047, 5.574031
11.507469, -57.414924, 5.574968
11.567243, -57.414804, 5.575917
11.626607, -57.414685, 5.576935
11.685652, -57.414567, 5.578078
11.744471, -57.414451, 5.579402
11.803156, -57.414335, 5.580964
11.861801, -57.414220, 5.582819
11.920506, -57.414105, 5.585032
11.979418, -57.413990, 5.587717
12.038694, -57.413874, 5.590999
12.098495, -57.413758, 5.595007
12.158979, -57.413640, 5.599867
12.220307, -57.413520, 5.605705
12.282636, -57.413399, 5.612649
12.346126, -57.413275, 5.620826
12.410937, -57.413148, 5.630363
12.477228, -57.413018, 5.641386
12.545070, -57.412884, 5.653943
12.614078, -57.412749, 5.667661
12.683718, -57.412614, 5.682033
12.753453, -57.412482, 5.696549
12.822750, -57.412354, 5.710701
12.891073, -57.412232, 5.723979
12.957888, -57.412119, 5.735876
13.022660, -57.412017, 5.745883
13.084852, -57.411928, 5.753491
13.143932, -57.411853, 5.758192
13.199512, -57.411795, 5.759600
13.252022, -57.411751, 5.758015
13.302168, -57.411720, 5.753966
13.350659, -57.411699, 5.747985
13.398202, -57.411685, 5.740602
13.445504, -57.411677, 5.732348
13.493273, -57.411671, 5.723754
13.542215, -57.411664, 5.715351
13.593040, -57.411656, 5.707670
13.646453, -57.411642, 5.701240
13.703030, -57.411622, 5.696494
13.762582, -57.411594, 5.693286
13.824648, -57.411559, 5.691270
13.888768, -57.411518, 5.690094
13.954482, -57.411471, 5.689412
14.021327, -57.411419, 5.688873
14.088845, -57.411363, 5.688130
14.156574, -57.411302, 5.686833
14.224053, -57.411237, 5.684633
14.290821, -57.411169, 5.681182
14.356494, -57.411098, 5.676201
14.421133, -57.411026, 5.669838
14.484971, -57.410952, 5.662398
14.548238, -57.410879, 5.654186
14.611165, -57.410807, 5.645509
14.673983, -57.410737, 5.636670
14.736923, -57.410671, 5.627977
14.800216, -57.410608, 5.619735
14.864094, -57.410550, 5.612248
14.928786, -57.410499, 5.605823
14.994467, -57.410454, 5.600722
15.060943, -57.410416, 5.596937
15.127879, -57.410381, 5.594352
15.194941, -57.410350, 5.592854
15.261792, -57.410319, 5.592329
15.328098, -57.410288, 5.592662
15.393524, -57.410256, 5.593738
15.457734, -57.410220, 5.595444
15.520394, -57.410178, 5.597665
15.581168, -57.410131, 5.600287
15.639779, -57.410075, 5.603204
15.696339, -57.410012, 5.606360
15.751114, -57.409945, 5.609724
15.804371, -57.409875, 5.613263
15.856379, -57.409805, 5.616943
15.907404, -57.409735, 5.620733
15.957715, -57.409669, 5.624600
16.007579, -57.409608, 5.628509
16.057263, -57.409555, 5.632430
16.107036, -57.409511, 5.636329
16.157134, -57.409477, 5.640171
16.207589, -57.409454, 5.643912
16.258344, -57.409439, 5.647504
16.309342, -57.409430, 5.650896
16.360526, -57.409426, 5.654040
16.411840, -57.409424, 5.656887
16.463226, -57.409422, 5.659387
16.514627, -57.409419, 5.661491
16.565988, -57.409412, 5.663151
16.617250, -57.409400, 5.664317
16.668365, -57.409381, 5.664956
16.719340, -57.409355, 5.665148
16.770206, -57.409323, 5.665026
16.820998, -57.409285, 5.664720
16.871746, -57.409243, 5.664363
16.922482, -57.409196, 5.664086
16.973240, -57.409147, 5.664021
17.024051, -57.409095, 5.664299
17.074948, -57.409042, 5.665052
17.125963, -57.408989, 5.666411
17.177123, -57.408935, 5.668479
17.228419, -57.408882, 5.671137
17.279827, -57.408830, 5.674163
17.331321, -57.408778, 5.677336
17.382875, -57.408727, 5.680432
17.434464, -57.408678, 5.683232
17.486063, -57.408629, 5.685512
17.537645, -57.408583, 5.687050
17.589187, -57.408538, 5.687626
17.640662, -57.408495, 5.687016
17.692042, -57.408454, 5.685032
17.743289, -57.408415, 5.681742
17.794353, -57.408380, 5.677340
17.845188, -57.408348, 5.672019
17.895746, -57.408320, 5.665972
17.945981, -57.408297, 5.659394
17.995844, -57.408280, 5.652479
18.045289, -57.408268, 5.645419
18.094268, -57.408262, 5.638409
18.142734, -57.408263, 5.631643
18.190666, -57.408271, 5.625296
18.238279, -57.408286, 5.619407
18.285898, -57.408305, 5.613942
18.333853, -57.408328, 5.608868
18.382473, -57.408353, 5.604150
18.432086, -57.408379, 5.599755
18.483022, -57.408404, 5.595649
18.535608, -57.408427, 5.591799
18.590174, -57.408446, 5.588172
18.647049, -57.408460, 5.584732
18.706501, -57.408467, 5.581460
18.768280, -57.408468, 5.578444
18.831862, -57.408463, 5.575830
18.896721, -57.408452, 5.573765
18.962332, -57.408436, 5.572397
19.028170, -57.408415, 5.571871
19.093709, -57.408390, 5.572334
19.158423, -57.408361, 5.573934
19.221788, -57.408329, 5.576816
19.283278, -57.408293, 5.581128
19.342420, -57.408255, 5.586987
19.399241, -57.408216, 5.594235
19.454036, -57.408175, 5.602563
19.507103, -57.408135, 5.611663
19.558739, -57.408096, 5.621226
19.609242, -57.408059, 5.630943
19.658910, -57.408024, 5.640505
19.708042, -57.407994, 5.649604
19.756934, -57.407968, 5.657929
19.805885, -57.407948, 5.665172
19.855170, -57.407935, 5.671054
19.904854, -57.407928, 5.675581
19.954878, -57.407926, 5.678920
20.005184, -57.407928, 5.681242
20.055714, -57.407934, 5.682716
20.106410, -57.407943, 5.683512
20.157212, -57.407953, 5.683800
20.208063, -57.407964, 5.683748
20.258905, -57.407974, 5.683528
20.309678, -57.407983, 5.683309
20.360328, -57.407990, 5.683247
20.410847, -57.407995, 5.683368
20.461248, -57.407998, 5.683622
20.511550, -57.407998, 5.683955
20.561766, -57.407995, 5.684316
20.611915, -57.407991, 5.684652
20.662011, -57.407984, 5.684911
20.712071, -57.407974, 5.685041
20.762111, -57.407963, 5.684990
20.812147, -57.407949, 5.684705
20.862194, -57.407932, 5.684138
20.912260, -57.407914, 5.683290
20.962348, -57.407893, 5.682192
21.012459, -57.407871, 5.680873
21.062596, -57.407848, 5.679364
21.112761, -57.407823, 5.677696
21.162958, -57.407797, 5.675899
21.213187, -57.407770, 5.674004
21.263452, -57.407743, 5.672041
21.313754, -57.407716, 5.670041
21.364097, -57.407689, 5.668033
21.414478, -57.407662, 5.666025
21.464893, -57.407636, 5.664016
21.515339, -57.407612, 5.662001
21.565811, -57.407591, 5.659978
21.616305, -57.407572, 5.657944
21.666818, -57.407558, 5.655895
21.717346, -57.407547, 5.653828
21.767883, -57.407542, 5.651739
21.818427, -57.407542, 5.649627
21.868975, -57.407548, 5.647490
21.919534, -57.407560, 5.645358
21.970121, -57.407577, 5.643284
22.020752, -57.407597, 5.641319
22.071442, -57.407621, 5.639516
22.122208, -57.407646, 5.637925
22.173065, -57.407671, 5.636599
22.224031, -57.407697, 5.635590
22.275120, -57.407721, 5.634949
22.326348, -57.407742, 5.634728
22.377731, -57.407760, 5.634972
22.429251, -57.407775, 5.635622
22.480871, -57.407786, 5.636550
22.532557, -57.407793, 5.637627
22.584270, -57.407798, 5.638723
22.635973, -57.407798, 5.639709
22.687630, -57.407796, 5.640456
22.739205, -57.407791, 5.640833
22.790660, -57.407783, 5.640712
22.841958, -57.407773, 5.639963
22.893066, -57.407760, 5.638466
22.943983, -57.407744, 5.636242
22.994737, -57.407728, 5.633409
23.045354, -57.407710, 5.630089
23.095860, -57.407691, 5.626401
23.146281, -57.407673, 5.622468
23.196646, -57.407655, 5.618411
23.246979, -57.407639, 5.614350
23.297307, -57.407624, 5.610406
23.347658, -57.407612, 5.606701
23.398056, -57.407603, 5.603350
23.448510, -57.407597, 5.600392
23.499015, -57.407594, 5.597807
23.549567, -57.407594, 5.595574
23.600161, -57.407599, 5.593672
23.650792, -57.407607, 5.592080
23.701456, -57.407618, 5.590778
23.752148, -57.407634, 5.589745
23.802864, -57.407654, 5.588959
23.853599, -57.407677, 5.588401
23.904346, -57.407705, 5.588052
23.955079, -57.407737, 5.587963
24.005755, -57.407771, 5.588232
24.056330, -57.407805, 5.588962
24.106762, -57.407840, 5.590251
24.157005, -57.407872, 5.592203
24.207018, -57.407902, 5.594917
24.256756, -57.407927, 5.598494
24.306175, -57.407947, 5.603035
24.355234, -57.407960, 5.608642
24.403897, -57.407965, 5.615399
24.452306, -57.407962, 5.623158
24.500738, -57.407953, 5.631574
24.549476, -57.407940, 5.640299
24.598801, -57.407925, 5.648986
24.648996, -57.407909, 5.657287
24.700342, -57.407894, 5.664854
24.753123, -57.407883, 5.671338
24.807620, -57.407876, 5.676391
24.864115, -57.407876, 5.679667
24.922873, -57.407885, 5.680838
24.983843, -57.407901, 5.679968
25.046714, -57.407925, 5.677444
25.111163, -57.407953, 5.673662
25.176872, -57.407985, 5.669022
25.243519, -57.408019, 5.663919
25.310783, -57.408053, 5.658752
25.378343, -57.408086, 5.653918
25.445880, -57.408115, 5.649814
25.513072, -57.408140, 5.646838
25.579612, -57.408159, 5.645366
25.645435, -57.408172, 5.645393
25.710687, -57.408179, 5.646581
25.775524, -57.408181, 5.648581
25.840098, -57.408181, 5.651044
25.904564, -57.408178, 5.653620
25.969076, -57.408173, 5.655961
26.033786, -57.408168, 5.657717
26.098850, -57.408164, 5.658539
26.164422, -57.408162, 5.658078
26.230640, -57.408162, 5.656003
26.297385, -57.408164, 5.652335
26.364296, -57.408170, 5.647413
26.431004, -57.408177, 5.641589
26.497143, -57.408185, 5.635214
26.562343, -57.408193, 5.628640
26.626237, -57.408202, 5.622219
26.688456, -57.408211, 5.616301
26.748631, -57.408218, 5.611239
26.806396, -57.408224, 5.607383
26.861404, -57.408228, 5.605070
26.913778, -57.408230, 5.604302
26.964082, -57.408230, 5.604771
27.012899, -57.408231, 5.606154
27.060811, -57.408231, 5.608129
27.108399, -57.408233, 5.610376
27.156246, -57.408237, 5.612572
27.204934, -57.408243, 5.614396
27.255043, -57.408253, 5.615525
27.307158, -57.408267, 5.615639
27.361840, -57.408286, 5.614431
27.419247, -57.408310, 5.611939
27.479135, -57.408337, 5.608543
27.541246, -57.408368, 5.604632
27.605319, -57.408400, 5.600601
27.671095, -57.408432, 5.596840
27.738314, -57.408464, 5.593741
27.806718, -57.408495, 5.591697
27.876045, -57.408523, 5.591099
27.946038, -57.408547, 5.592339
28.016433, -57.408567, 5.595794
28.086918, -57.408582, 5.601474
28.157125, -57.408593, 5.609016
28.226684, -57.408601, 5.618042
28.295228, -57.408607, 5.628172
28.362387, -57.408613, 5.639025
28.427790, -57.408618, 5.650224
28.491070, -57.408624, 5.661389
28.551857, -57.408632, 5.672139
28.609781, -57.408642, 5.682096
28.664495, -57.408657, 5.690887
28.716170, -57.408675, 5.698333
28.765536, -57.408696, 5.704457
28.813346, -57.408720, 5.709291
28.860355, -57.408745, 5.712868
28.907317, -57.408770, 5.715222
28.954985, -57.408796, 5.716384
29.004116, -57.408821, 5.716388
29.055462, -57.408844, 5.715267
29.109778, -57.408865, 5.713053
29.167793, -57.408882, 5.709783
29.229530, -57.408896, 5.705588
29.294231, -57.408908, 5.700705
29.361101, -57.408917, 5.695373
29.429343, -57.408924, 5.689834
29.498162, -57.408930, 5.684329
29.566760, -57.408936, 5.679100
29.634343, -57.408941, 5.674387
29.700113, -57.408947, 5.670432
29.763274, -57.408954, 5.667476
29.823052, -57.408962, 5.665751
29.879330, -57.408972, 5.665233
29.932744, -57.408984, 5.665605
29.983970, -57.408996, 5.666532
30.033687, -57.409008, 5.667680
30.082571, -57.409021, 5.668715
30.131299, -57.409034, 5.669302
30.180550, -57.409046, 5.669108
30.230999, -57.409058, 5.667798
30.283324, -57.409068, 5.665038
30.338189, -57.409076, 5.660503
30.395797, -57.409083, 5.654182
30.455810, -57.409090, 5.646434
30.517853, -57.409098, 5.637640
30.581555, -57.409107, 5.628183
30.646542, -57.409119, 5.618444
30.712443, -57.409135, 5.608805
30.778885, -57.409156, 5.599647
30.845494, -57.409183, 5.591353
30.911900, -57.409217, 5.584302
30.977734, -57.409259, 5.578871
31.042858, -57.409309, 5.575155
31.107410, -57.409364, 5.572911
31.171547, -57.409422, 5.571873
31.235427, -57.409482, 5.571774
31.299205, -57.409539, 5.572350
31.363039, -57.409593, 5.573333
31.427085, -57.409641, 5.574460
31.491501, -57.409681, 5.575462
31.556443, -57.409710, 5.576076
31.622062, -57.409726, 5.576040
31.688312, -57.409729, 5.575334
31.754888, -57.409722, 5.574244
31.821469, -57.409706, 5.573075
31.887734, -57.409686, 5.572133
31.953362, -57.409662, 5.571725
32.018032, -57.409638, 5.572157
32.081423, -57.409617, 5.573734
32.143214, -57.409601, 5.576762
32.203084, -57.409592, 5.581547
32.260720, -57.409594, 5.588389
32.316126, -57.409606, 5.597274
32.369735, -57.409628, 5.607777
32.422008, -57.409658, 5.619439
32.473408, -57.409693, 5.631805
32.524396, -57.409732, 5.644418
32.575434, -57.409774, 5.656820
32.626985, -57.409815, 5.668556
32.679509, -57.409855, 5.679168
32.733470, -57.409892, 5.688201
32.789323, -57.409923, 5.695202
32.847267, -57.409949, 5.699969
32.907145, -57.409969, 5.702645
32.968770, -57.409985, 5.703397
33.031957, -57.409998, 5.702396
33.096521, -57.410008, 5.699810
33.162276, -57.410017, 5.695807
33.229037, -57.410025, 5.690557
33.296620, -57.410033, 5.684227
33.364837, -57.410043, 5.676987
33.433503, -57.410054, 5.669005
33.502374, -57.410067, 5.660490
33.571123, -57.410083, 5.651704
33.639417, -57.410100, 5.642913
33.706921, -57.410118, 5.634384
33.773302, -57.410137, 5.626383
33.838228, -57.410157, 5.619178
33.901363, -57.410176, 5.613035
33.962376, -57.410195, 5.608220
34.020931, -57.410213, 5.605000
34.076702, -57.410231, 5.603638
34.129718, -57.410246, 5.604154
34.180541, -57.410261, 5.606202
34.229781, -57.410275, 5.609408
34.278047, -57.410287, 5.613396
34.325946, -57.410299, 5.617791
34.374087, -57.410310, 5.622217
34.423080, -57.410320, 5.626299
34.473533, -57.410331, 5.629663
34.526053, -57.410340, 5.631932
34.581245, -57.410350, 5.632734
34.639360, -57.410360, 5.631908
34.700096, -57.410370, 5.629624
34.763105, -57.410382, 5.626077
34.828037, -57.410395, 5.621467
34.894543, -57.410409, 5.615990
34.962274, -57.410426, 5.609845
35.030880, -57.410446, 5.603229
35.100013, -57.410468, 5.596340
35.169323, -57.410495, 5.589375
35.238463, -57.410525, 5.582533
35.307143, -57.410559, 5.576008
35.375175, -57.410596, 5.569989
35.442378, -57.410635, 5.564665
35.508574, -57.410675, 5.560227
35.573581, -57.410715, 5.556863
35.637220, -57.410754, 5.554762
35.699310, -57.410791, 5.554115
35.759672, -57.410825, 5.555109
35.818126, -57.410855, 5.557934
35.874494, -57.410880, 5.562778
35.928815, -57.410900, 5.569635
35.981499, -57.410916, 5.578177
36.032987, -57.410927, 5.588044
36.083725, -57.410936, 5.598875
36.134157, -57.410942, 5.610310
36.184726, -57.410947, 5.621987
36.235875, -57.410951, 5.633547
36.288050, -57.410955, 5.644629
36.341694, -57.410960, 5.654873
36.397247, -57.410967, 5.663919
36.454916, -57.410976, 5.671567
36.514487, -57.410987, 5.677895
36.575702, -57.411001, 5.683011
36.638307, -57.411017, 5.687022
36.702044, -57.411035, 5.690035
36.766657, -57.411055, 5.692157
36.831890, -57.411078, 5.693496
36.897487, -57.411103, 5.694159
36.963190, -57.411130, 5.694252
37.028745, -57.411160, 5.693884
37.093987, -57.411192, 5.693133
37.158919, -57.411227, 5.692028
37.223562, -57.411263, 5.690590
37.287938, -57.411300, 5.688843
37.352068, -57.411340, 5.686809
37.415974, -57.411380, 5.684510
37.479676, -57.411421, 5.681969
37.543196, -57.411463, 5.679209
37.606556, -57.411505, 5.676252
37.669777, -57.411548, 5.673120
37.732885, -57.411591, 5.669849
37.795917, -57.411633, 5.666499
37.858911, -57.411674, 5.663131
37.921906, -57.411715, 5.659807
37.984939, -57.411755, 5.656590
38.048048, -57.411793, 5.653541
38.111272, -57.411829, 5.650723
38.174648, -57.411864, 5.648198
38.238214, -57.411896, 5.646028
38.302008, -57.411925, 5.644275
38.366042, -57.411952, 5.642943
38.430275, -57.411977, 5.641928
38.494661, -57.412000, 5.641109
38.559152, -57.412021, 5.640367
38.623702, -57.412041, 5.639582
38.688265, -57.412061, 5.638634
38.752793, -57.412080, 5.637403
38.817239, -57.412100, 5.635771
38.881558, -57.412120, 5.633616
38.945701, -57.412141, 5.630821
39.009647, -57.412163, 5.627369
39.073421, -57.412187, 5.623464
39.137056, -57.412211, 5.619336
39.200583, -57.412237, 5.615212
39.264035, -57.412263, 5.611324
39.327444, -57.412289, 5.607901
39.390843, -57.412316, 5.605172
39.454263, -57.412343, 5.603367
39.517738, -57.412370, 5.602715
39.581298, -57.412397, 5.603445
39.644963, -57.412424, 5.605634
39.708718, -57.412451, 5.609029
39.772546, -57.412478, 5.613331
39.836429, -57.412504, 5.618243
39.900351, -57.412531, 5.623469
39.964293, -57.412557, 5.628711
40.028239, -57.412584, 5.633672
40.092170, -57.412610, 5.638054
40.156069, -57.412637, 5.641560
40.219919, -57.412664, 5.643894
40.283733, -57.412691, 5.644907
40.347593, -57.412718, 5.644787
40.411592, -57.412746, 5.643769
40.475820, -57.412774, 5.642088
40.540369, -57.412802, 5.639978
40.605332, -57.412831, 5.637674
40.670801, -57.412860, 5.635411
40.736866, -57.412890, 5.633423
40.803620, -57.412920, 5.631945
40.871154, -57.412950, 5.631212
40.939426, -57.412982, 5.631351
41.008080, -57.413013, 5.632243
41.076711, -57.413045, 5.633731
41.144917, -57.413076, 5.635658
41.212295, -57.413107, 5.637869
41.278442, -57.413137, 5.640206
41.342955, -57.413167, 5.642514
41.405432, -57.413195, 5.644635
41.465469, -57.413221, 5.646413
41.522664, -57.413246, 5.647692
41.576879, -57.413269, 5.648367
41.628629, -57.413291, 5.648465
41.678528, -57.413312, 5.648031
41.727189, -57.413332, 5.647109
41.775226, -57.413351, 5.645746
41.823252, -57.413370, 5.643986
41.871882, -57.413390, 5.641874
41.921728, -57.413411, 5.639456
41.973404, -57.413433, 5.636778
42.027524, -57.413456, 5.633883
42.084478, -57.413481, 5.630840
42.144080, -57.413507, 5.627771
42.206054, -57.413535, 5.624810
42.270124, -57.413564, 5.622087
42.336013, -57.413594, 5.619735
42.403445, -57.413625, 5.617886
42.472144, -57.413657, 5.616673
42.541833, -57.413689, 5.616227
42.612236, -57.413721, 5.616680
42.683077, -57.413754, 5.618165
42.754067, -57.413787, 5.620732
42.824884, -57.413819, 5.624207
42.895200, -57.413851, 5.628384
42.964689, -57.413883, 5.633051
43.033022, -57.413914, 5.638002
43.099872, -57.413944, 5.643027
43.164913, -57.413973, 5.647918
43.227815, -57.414001, 5.652465
43.288253, -57.414028, 5.656460
43.345898, -57.414054, 5.659694
43.400639, -57.414078, 5.662011
43.452970, -57.414101, 5.663404
43.503490, -57.414123, 5.663889
43.552797, -57.414145, 5.663484
43.601491, -57.414166, 5.662206
43.650170, -57.414188, 5.660074
43.699434, -57.414209, 5.657105
43.749881, -57.414231, 5.653316
43.802111, -57.414254, 5.648726
43.856722, -57.414279, 5.643350
43.914116, -57.414304, 5.637262
43.974117, -57.414331, 5.630686
44.036444, -57.414359, 5.623879
44.100814, -57.414388, 5.617095
44.166947, -57.414418, 5.610591
44.234560, -57.414448, 5.604620
44.303373, -57.414479, 5.599438
44.373103, -57.414510, 5.595301
44.443470, -57.414541, 5.592464
44.514191, -57.414573, 5.591181
44.584978, -57.414604, 5.591587
44.655516, -57.414634, 5.593440
44.725490, -57.414664, 5.596430
44.794580, -57.414694, 5.600246
44.862468, -57.414723, 5.604576
44.928838, -57.414752, 5.609109
44.993372, -57.414780, 5.613533
45.055751, -57.414807, 5.617537
45.115659, -57.414833, 5.620811
45.172776, -57.414858, 5.623042
45.226975, -57.414882, 5.624037
45.278727, -57.414905, 5.623975
45.328626, -57.414927, 5.623109
45.377264, -57.414949, 5.621696
45.425234, -57.414971, 5.619988
45.473130, -57.414993, 5.618241
45.521545, -57.415014, 5.616708
45.571071, -57.415036, 5.615644
45.622301, -57.415059, 5.615304
45.675829, -57.415082, 5.615941
45.732062, -57.415107, 5.617714
45.790794, -57.415132, 5.620465
45.851687, -57.415158, 5.623967
45.914404, -57.415184, 5.627994
45.978609, -57.415212, 5.632321
46.043964, -57.415239, 5.636721
46.110132, -57.415267, 5.640968
46.176778, -57.415296, 5.644837
46.243563, -57.415324, 5.648101
46.310151, -57.415353, 5.650535
46.376296, -57.415382, 5.651985
46.442069, -57.415411, 5.652555
46.507610, -57.415440, 5.652402
46.573061, -57.415470, 5.651685
46.638561, -57.415499, 5.650563
46.704250, -57.415529, 5.649193
46.770271, -57.415559, 5.647734
46.836762, -57.415589, 5.646345
46.903864, -57.415619, 5.645183
46.971719, -57.415650, 5.644408
47.040364, -57.415681, 5.644130
47.109468, -57.415713, 5.644286
47.178613, -57.415744, 5.644774
47.247383, -57.415775, 5.645492
47.315359, -57.415806, 5.646336
47.382126, -57.415836, 5.647205
47.447266, -57.415865, 5.647996
47.510361, -57.415894, 5.648607
47.570994, -57.415921, 5.648935
47.628749, -57.415947, 5.648877
47.683392, -57.415972, 5.648361
47.735393, -57.415995, 5.647428
47.785390, -57.416018, 5.646147
47.834021, -57.416040, 5.644586
47.881924, -57.416061, 5.642813
47.929737, -57.416083, 5.640897
47.978098, -57.416104, 5.638906
48.027645, -57.416126, 5.636908
48.079017, -57.416149, 5.634973
48.132851, -57.416172, 5.633168
48.189609, -57.416197, 5.631540
48.249055, -57.416222, 5.630049
48.310773, -57.416249, 5.628633
48.374350, -57.416276, 5.627230
48.439374, -57.416305, 5.625778
48.505429, -57.416334, 5.624214
48.572102, -57.416363, 5.622478
48.638980, -57.416393, 5.620506
48.705649, -57.416423, 5.618237
48.771696, -57.416454, 5.615609
48.836794, -57.416484, 5.612601
48.900987, -57.416515, 5.609361
48.964414, -57.416545, 5.606082
49.027215, -57.416575, 5.602958
49.089529, -57.416604, 5.600182
49.151496, -57.416632, 5.597948
49.213256, -57.416659, 5.596448
49.274947, -57.416685, 5.595876
49.336708, -57.416710, 5.596424
49.398681, -57.416732, 5.598287
49.460979, -57.416753, 5.601583
49.523612, -57.416773, 5.606106
49.586558, -57.416793, 5.611561
49.649797, -57.416813, 5.617654
49.713308, -57.416835, 5.624088
49.777071, -57.416859, 5.630571
49.841066, -57.416887, 5.636806
49.905271, -57.416918, 5.642498
49.969666, -57.416955, 5.647354
50.034230, -57.416998, 5.651077
50.098948, -57.417047, 5.653442
50.163822, -57.417101, 5.654531
50.228863, -57.417157, 5.654520
50.294080, -57.417215, 5.653581
50.359483, -57.417272, 5.651888
50.425080, -57.417326, 5.649613
50.490882, -57.417375, 5.646931
50.556897, -57.417417, 5.644015
50.623136, -57.417450, 5.641039
50.689608, -57.417472, 5.638174
50.756284, -57.417482, 5.635569
50.822949, -57.417482, 5.633236
50.889335, -57.417473, 5.631151
50.955172, -57.417460, 5.629288
51.020190, -57.417443, 5.627623
51.084121, -57.417427, 5.626131
51.146695, -57.417413, 5.624786
51.207642, -57.417403, 5.623563
51.266694, -57.417402, 5.622437
51.323581, -57.417411, 5.621384
51.378132, -57.417432, 5.620379
51.430671, -57.417464, 5.619408
51.481675, -57.417505, 5.618457
51.531622, -57.417553, 5.617514
51.580990, -57.417606, 5.616566
51.630255, -57.417663, 5.615601
51.679896, -57.417721, 5.614605
51.730390, -57.417778, 5.613567
51.782215, -57.417832, 5.612472
51.835848, -57.417881, 5.611309
51.891677, -57.417923, 5.610078
51.949619, -57.417960, 5.608855
52.009436, -57.417992, 5.607740
52.070892, -57.418019, 5.606830
52.133747, -57.418044, 5.606227
52.197766, -57.418067, 5.606028
52.262711, -57.418089, 5.606333
52.328344, -57.418111, 5.607241
52.394428, -57.418135, 5.608852
52.460726, -57.418160, 5.611265
52.527033, -57.418189, 5.614546
52.593328, -57.418221, 5.618585
52.659650, -57.418254, 5.623211
52.726039, -57.418288, 5.628251
52.792535, -57.418323, 5.633536
52.859177, -57.418356, 5.638892
52.926007, -57.418387, 5.644149
52.993063, -57.418416, 5.649136
53.060386, -57.418442, 5.653681
53.128015, -57.418463, 5.657612
53.195952, -57.418478, 5.660798
53.263976, -57.418490, 5.663333
53.331789, -57.418497, 5.665392
53.399091, -57.418502, 5.667150
53.465584, -57.418506, 5.668783
53.530969, -57.418508, 5.670464
53.594945, -57.418511, 5.672371
53.657215, -57.418516, 5.674676
53.717479, -57.418522, 5.677557
53.775438, -57.418532, 5.681187
53.830885, -57.418545, 5.685693
53.884174, -57.418563, 5.690901
53.935864, -57.418584, 5.696531
53.986514, -57.418607, 5.702298
54.036686, -57.418633, 5.707920
54.086938, -57.418660, 5.713114
54.137832, -57.418688, 5.717596
54.189928, -57.418717, 5.721085
54.243785, -57.418746, 5.723297
54.299964, -57.418773, 5.723949
54.358925, -57.418800, 5.722807
54.420497, -57.418826, 5.719941
54.484267, -57.418851, 5.715541
54.549820, -57.418876, 5.709797
54.616741, -57.418901, 5.702897
54.684614, -57.418927, 5.695031
54.753026, -57.418953, 5.686388
54.821560, -57.418981, 5.677159
54.889803, -57.419011, 5.667532
54.957339, -57.419043, 5.657697
55.023808, -57.419077, 5.647829
55.089214, -57.419114, 5.637999
55.153710, -57.419152, 5.628242
55.217446, -57.419191, 5.618588
55.280576, -57.419231, 5.609070
55.343249, -57.419272, 5.599721
55.405619, -57.419312, 5.590572
55.467838, -57.419352, 5.581656
55.530057, -57.419390, 5.573005
55.592428, -57.419427, 5.564652
55.655081, -57.419462, 5.556635
55.717997, -57.419495, 5.549040
55.781092, -57.419526, 5.541974
55.844285, -57.419556, 5.535542
55.907491, -57.419584, 5.529850
55.970627, -57.419610, 5.525006
56.033611, -57.419636, 5.521114
56.096359, -57.419661, 5.518281
56.158787, -57.419684, 5.516613
56.220814, -57.419708, 5.516216
56.282372, -57.419730, 5.517175
56.343511, -57.419752, 5.519423
56.404332, -57.419773, 5.522827
56.464937, -57.419791, 5.527253
56.525429, -57.419808, 5.532566
56.585909, -57.419821, 5.538634
56.646478, -57.419831, 5.545320
56.707240, -57.419837, 5.552493
56.768294, -57.419839, 5.560017
56.829744, -57.419835, 5.567759
56.891676, -57.419827, 5.575593
56.954061, -57.419816, 5.583455
57.016818, -57.419806, 5.591307
57.079865, -57.419801, 5.599115
57.143120, -57.419803, 5.606842
57.206501, -57.419818, 5.614452
57.269927, -57.419849, 5.621909
57.333315, -57.419899, 5.629178
57.396584, -57.419972, 5.636221
57.459652, -57.420071, 5.643004
57.522447, -57.420199, 5.649495
57.584976, -57.420347, 5.655705
57.647284, -57.420499, 5.661667
57.709417, -57.420640, 5.667411
57.771420, -57.420755, 5.672970
57.833337, -57.420828, 5.678375
57.895215, -57.420846, 5.683658
57.957098, -57.420792, 5.688850
58.019032, -57.420651, 5.693983
58.081062, -57.420408, 5.699088
58.143229, -57.420052, 5.704183
58.205550, -57.419590, 5.709161
58.268025, -57.419042, 5.713854
58.330655, -57.418429, 5.718094
58.393441, -57.417771, 5.721713
58.456384, -57.417088, 5.724541
58.519485, -57.416398, 5.726411
58.582746, -57.415724, 5.727155
58.646168, -57.415084, 5.726603
58.709751, -57.414498, 5.724587
58.773493, -57.413984, 5.720963
58.837353, -57.413542, 5.715794
58.901270, -57.413163, 5.709251
58.965184, -57.412835, 5.701506
59.029034, -57.412549, 5.692732
59.092761, -57.412294, 5.683101
59.156304, -57.412062, 5.672785
59.219602, -57.411841, 5.661957
59.282594, -57.411622, 5.650788
59.345221, -57.411395, 5.639451
59.407432, -57.411150, 5.628116
59.469267, -57.410885, 5.616930
59.530813, -57.410601, 5.606028
59.592161, -57.410300, 5.595547
59.653399, -57.409981, 5.585621
59.714616, -57.409648, 5.576385
59.775902, -57.409300, 5.567975
59.837346, -57.408939, 5.560525
59.899036, -57.408567, 5.554172
59.961062, -57.408184, 5.549051
60.023505, -57.407791, 5.545280
60.086360, -57.407391, 5.542819
60.149575, -57.406984, 5.541539
60.213099, -57.406573, 5.541307
60.276878, -57.406158, 5.541993
60.340860, -57.405741, 5.543466
60.404994, -57.405325, 5.545594
60.469226, -57.404909, 5.548247
60.533505, -57.404497, 5.551294
60.597778, -57.404089, 5.554602
60.661996, -57.403688, 5.558049
60.726155, -57.403291, 5.561591
60.790273, -57.402899, 5.565230
60.854369, -57.402510, 5.568970
60.918463, -57.402122, 5.572812
60.982575, -57.401735, 5.576761
61.046723, -57.401346, 5.580819
61.110928, -57.400955, 5.584989
61.175209, -57.400559, 5.589275
61.239585, -57.400159, 5.593679
61.304064, -57.399752, 5.598202
61.368531, -57.399339, 5.602826
61.432797, -57.398923, 5.607518
61.496671, -57.398505, 5.612248
61.559961, -57.398087, 5.616982
61.622477, -57.397671, 5.621690
61.684027, -57.397260, 5.626339
61.744421, -57.396854, 5.630898
61.803467, -57.396458, 5.635335
61.860975, -57.396071, 5.639618
61.916771, -57.395696, 5.643716
61.970892, -57.395333, 5.647605
62.023505, -57.394981, 5.651269
62.074781, -57.394636, 5.654689
62.124890, -57.394298, 5.657848
62.174004, -57.393965, 5.660727
62.222291, -57.393635, 5.663309
62.269923, -57.393306, 5.665576
62.317069, -57.392978, 5.667510
62.363901, -57.392647, 5.669094
62.410592, -57.392312, 5.670311
62.457354, -57.391974, 5.671171
62.504423, -57.391634, 5.671699
62.552038, -57.391292, 5.671921
62.600436, -57.390949, 5.671864
62.649854, -57.390608, 5.671552
62.700531, -57.390268, 5.671012
62.752703, -57.389930, 5.670270
62.806609, -57.389597, 5.669352
62.862486, -57.389269, 5.668283
62.920545, -57.388945, 5.667087
62.980666, -57.388607, 5.665749
63.042499, -57.388222, 5.664230
63.105690, -57.387758, 5.662490
63.169884, -57.387182, 5.660489
63.234727, -57.386464, 5.658186
63.299865, -57.385569, 5.655543
63.364944, -57.384467, 5.652518
63.429608, -57.383124, 5.649071
63.493505, -57.381508, 5.645164
63.556301, -57.379590, 5.640761
63.617967, -57.377380, 5.635905
63.678689, -57.374913, 5.630695
63.738655, -57.372228, 5.625231
63.798059, -57.369363, 5.619613
63.857089, -57.366354, 5.613939
63.915936, -57.363241, 5.608311
63.974792, -57.360059, 5.602828
64.033845, -57.356847, 5.597590
64.093288, -57.353643, 5.592696
64.153300, -57.350482, 5.588245
64.213925, -57.347371, 5.584313
64.275100, -57.344299, 5.580959
64.336762, -57.341252, 5.578243
64.398847, -57.338216, 5.576225
64.461293, -57.335178, 5.574962
64.524035, -57.332124, 5.574516
64.587010, -57.329042, 5.574944
64.650154, -57.325918, 5.576306
64.713403, -57.322738, 5.578663
64.776697, -57.319490, 5.582062
64.840010, -57.316170, 5.586412
64.903348, -57.312782, 5.591510
64.966717, -57.309329, 5.597148
65.030120, -57.305814, 5.603121
65.093563, -57.302242, 5.609223
65.157052, -57.298616, 5.615246
65.220591, -57.294939, 5.620985
65.284187, -57.291215, 5.626234
65.347844, -57.287448, 5.630786
65.411566, -57.283642, 5.634445
65.475341, -57.279799, 5.637189
65.539142, -57.275924, 5.639131
65.602943, -57.272020, 5.640393
65.666716, -57.268091, 5.641092
65.730436, -57.264141, 5.641349
65.794076, -57.260173, 5.641282
65.857608, -57.256191, 5.641011
65.921006, -57.252199, 5.640655
65.984244, -57.248200, 5.640334
66.047296, -57.244197, 5.640160
66.110173, -57.240190, 5.640140
66.172915, -57.236174, 5.640190
66.235563, -57.232142, 5.640224
66.298156, -57.228089, 5.640157
66.360736, -57.224011, 5.639903
66.423342, -57.219901, 5.639375
66.486017, -57.215755, 5.638488
66.548800, -57.211567, 5.637154
66.611731, -57.207331, 5.635290
66.674850, -57.203043, 5.632814
66.738143, -57.198707, 5.629775
66.801556, -57.194335, 5.626331
66.865031, -57.189939, 5.622641
66.928511, -57.185531, 5.618867
66.991940, -57.181124, 5.615170
67.055260, -57.176730, 5.611711
67.118416, -57.172361, 5.608652
67.181348, -57.168029, 5.606153
67.244002, -57.163746, 5.604375
67.306322, -57.159525, 5.603469
67.368310, -57.155353, 5.603381
67.430016, -57.151200, 5.603869
67.491492, -57.147035, 5.604685
67.552792, -57.142827, 5.605582
67.613967, -57.138544, 5.606313
67.675070, -57.134156, 5.606630
67.736154, -57.129630, 5.606285
67.797271, -57.124935, 5.605030
67.858472, -57.120040, 5.602618
67.919812, -57.114914, 5.598817
67.981331, -57.109535, 5.593730
68.043062, -57.103886, 5.587774
68.105038, -57.097954, 5.581378
68.167292, -57.091723, 5.574972
68.229856, -57.085178, 5.568986
68.292762, -57.078304, 5.563849
68.356043, -57.071087, 5.559989
68.419731, -57.063512, 5.557838
68.483860, -57.055563, 5.557825
68.548454, -57.047228, 5.560360
68.613377, -57.038543, 5.565452
68.678338, -57.029593, 5.572713
68.743034, -57.020463, 5.581738
68.807168, -57.011241, 5.592122
68.870438, -57.002011, 5.603461
68.932546, -56.992862, 5.615350
68.993190, -56.983878, 5.627384
69.052072, -56.975146, 5.639160
69.108892, -56.966753, 5.650272
69.163365, -56.958780, 5.660326
69.215604, -56.951222, 5.669173
69.266122, -56.943982, 5.676913
69.315450, -56.936959, 5.683659
69.364119, -56.930050, 5.689523
69.412662, -56.923156, 5.694616
69.461609, -56.916175, 5.699051
69.511492, -56.909007, 5.702940
69.562843, -56.901549, 5.706395
69.616193, -56.893701, 5.709527
69.672058, -56.885364, 5.712445
69.730565, -56.876513, 5.715155
69.791429, -56.867195, 5.717557
69.854344, -56.857466, 5.719545
69.919004, -56.847377, 5.721013
69.985105, -56.836982, 5.721855
70.052339, -56.826333, 5.721964
70.120403, -56.815485, 5.721236
70.188989, -56.804490, 5.719564
70.257794, -56.793401, 5.716841
70.326511, -56.782271, 5.712967
70.394859, -56.771149, 5.707951
70.462580, -56.760079, 5.701926
70.529420, -56.749106, 5.695031
70.595121, -56.738273, 5.687405
70.659427, -56.727624, 5.679188
70.722084, -56.717203, 5.670519
70.782834, -56.707055, 5.661536
70.841422, -56.697222, 5.652380
70.897593, -56.687750, 5.643190
70.951102, -56.678680, 5.634104
71.002086, -56.669993, 5.625255
71.051116, -56.661598, 5.616769
71.098787, -56.653402, 5.608771
71.145693, -56.645310, 5.601385
71.192429, -56.637229, 5.594737
71.239590, -56.629065, 5.588952
71.287771, -56.620725, 5.584155
71.337566, -56.612113, 5.580471
71.389570, -56.603136, 5.578025
71.444364, -56.593703, 5.576936
71.502083, -56.583780, 5.577124
71.562329, -56.573409, 5.578273
71.624675, -56.562632, 5.580054
71.688691, -56.551495, 5.582137
71.753949, -56.540040, 5.584192
71.820022, -56.528312, 5.585890
71.886480, -56.516354, 5.586901
71.952896, -56.504212, 5.586894
72.018840, -56.491928, 5.585541
72.083892, -56.479546, 5.582520
72.147862, -56.467078, 5.577813
72.210853, -56.454502, 5.571774
72.272981, -56.441791, 5.564785
72.334367, -56.428918, 5.557225
72.395128, -56.415858, 5.549472
72.455384, -56.402584, 5.541907
72.515253, -56.389071, 5.534908
72.574854, -56.375291, 5.528855
72.634306, -56.361220, 5.524127
72.693726, -56.346831, 5.521100
72.753192, -56.332122, 5.519961
72.812729, -56.317126, 5.520660
72.872362, -56.301873, 5.523129
72.932111, -56.286397, 5.527301
72.991999, -56.270729, 5.533109
73.052049, -56.254902, 5.540486
73.112284, -56.238949, 5.549366
73.172725, -56.222902, 5.559680
73.233396, -56.206793, 5.571363
73.294318, -56.190654, 5.584343
73.355518, -56.174491, 5.598425
73.417024, -56.158276, 5.613245
73.478866, -56.141978, 5.628426
73.541074, -56.125566, 5.643591
73.603676, -56.109009, 5.658364
73.666703, -56.092277, 5.672369
73.730183, -56.075339, 5.685229
73.794147, -56.058164, 5.696568
73.858623, -56.040721, 5.706010
73.923637, -56.022981, 5.713183
73.989067, -56.004972, 5.718009
74.054581, -55.986804, 5.720811
74.119832, -55.968592, 5.721943
74.184471, -55.950453, 5.721760
74.248153, -55.932500, 5.720614
74.310529, -55.914851, 5.718861
74.371253, -55.897620, 5.716854
74.429978, -55.880923, 5.714948
74.486356, -55.864876, 5.713496
74.540047, -55.849591, 5.712847
74.591082, -55.835063, 5.713110
74.640030, -55.821112, 5.714039
74.687500, -55.807543, 5.715364
74.734105, -55.794165, 5.716814
74.780453, -55.780783, 5.718117
74.827156, -55.767204, 5.719001
74.874824, -55.753235, 5.719196
74.924068, -55.738682, 5.718430
74.975499, -55.723352, 5.716432
75.029718, -55.707054, 5.712934
75.086898, -55.689751, 5.707887
75.146555, -55.671635, 5.701574
75.208153, -55.652919, 5.694303
75.271157, -55.633814, 5.686384
75.335030, -55.614532, 5.678126
75.399237, -55.595285, 5.669838
75.463240, -55.576286, 5.661828
75.526504, -55.557746, 5.654407
75.588493, -55.539877, 5.647883
75.648674, -55.522889, 5.642562
75.706760, -55.506826, 5.638504
75.762849, -55.491473, 5.635391
75.817071, -55.476594, 5.632867
75.869557, -55.461953, 5.630579
75.920438, -55.447311, 5.628172
75.969846, -55.432432, 5.625294
76.017911, -55.417079, 5.621589
76.064764, -55.401015, 5.616704
76.110536, -55.384002, 5.610285
76.155358, -55.365808, 5.601982
76.199427, -55.346373, 5.591742
76.243036, -55.325927, 5.579994
76.286493, -55.304727, 5.567216
76.330103, -55.283031, 5.553881
76.374172, -55.261093, 5.540466
76.419005, -55.239172, 5.527445
76.464909, -55.217523, 5.515295
76.512188, -55.196404, 5.504489
76.561150, -55.176071, 5.495505
76.612097, -55.156778, 5.488814
76.665118, -55.138610, 5.484641
76.719942, -55.121359, 5.482789
76.776260, -55.104790, 5.483021
76.833765, -55.088667, 5.485100
76.892149, -55.072756, 5.488787
76.951102, -55.056820, 5.493846
77.010319, -55.040625, 5.500040
77.069491, -55.023934, 5.507129
77.128309, -55.006514, 5.514878
77.186468, -54.988130, 5.523050
77.243817, -54.968665, 5.531488
77.300477, -54.948212, 5.540176
77.356601, -54.926886, 5.549115
77.412339, -54.904800, 5.558303
77.467843, -54.882069, 5.567740
77.523262, -54.858807, 5.577427
77.578749, -54.835127, 5.587361
77.634453, -54.811145, 5.597542
77.690527, -54.786973, 5.607971
77.747121, -54.762726, 5.618645
77.804314, -54.738474, 5.629536
77.862058, -54.714208, 5.640561
77.920289, -54.689911, 5.651632
77.978946, -54.665565, 5.662661
78.037965, -54.641151, 5.673560
78.097282, -54.616654, 5.684241
78.156836, -54.592054, 5.694615
78.216564, -54.567334, 5.704595
78.276401, -54.542477, 5.714092
78.336287, -54.517465, 5.723019
78.396181, -54.492288, 5.731278
78.456093, -54.466953, 5.738759
78.516036, -54.441468, 5.745345
78.576022, -54.415840, 5.750925
78.636066, -54.390079, 5.755383
78.696181, -54.364191, 5.758605
78.756380, -54.338184, 5.760479
78.816677, -54.312068, 5.760888
78.877085, -54.285849, 5.759721
78.937616, -54.259535, 5.756862
78.998208, -54.233164, 5.752307
79.058644, -54.206828, 5.746265
79.118690, -54.180625, 5.738973
79.178113, -54.154655, 5.730664
79.236677, -54.129018, 5.721575
79.294149, -54.103811, 5.711941
79.350294, -54.079134, 5.701997
79.404879, -54.055087, 5.691979
79.457669, -54.031769, 5.682122
79.508431, -54.009278, 5.672661
79.557130, -53.987630, 5.663726
79.604146, -53.966668, 5.655225
79.649909, -53.946216, 5.647039
79.694849, -53.926094, 5.639051
79.739399, -53.906125, 5.631143
79.783988, -53.886130, 5.623194
79.829047, -53.865931, 5.615088
79.875008, -53.845352, 5.606705
79.922300, -53.824212, 5.597928
79.971354, -53.802336, 5.588637
80.022391, -53.779613, 5.578820
80.075182, -53.756087, 5.568685
80.129437, -53.731820, 5.558473
80.184866, -53.706872, 5.548424
80.241182, -53.681307, 5.538778
80.298094, -53.655186, 5.529775
80.355312, -53.628572, 5.521654
80.412549, -53.601525, 5.514656
80.469513, -53.574109, 5.509020
80.525917, -53.546384, 5.504986
80.581604, -53.518387, 5.502682
80.636719, -53.490095, 5.501983
80.691446, -53.461476, 5.502728
80.745973, -53.432500, 5.504758
80.800484, -53.403134, 5.507913
80.855166, -53.373349, 5.512032
80.910203, -53.343112, 5.516955
80.965782, -53.312393, 5.522523
81.022089, -53.281160, 5.528575
81.079308, -53.249383, 5.534952
81.137473, -53.217093, 5.541567
81.196255, -53.184474, 5.548507
81.255276, -53.151730, 5.555884
81.314155, -53.119065, 5.563810
81.372512, -53.086683, 5.572397
81.429968, -53.054789, 5.581757
81.486143, -53.023587, 5.592002
81.540657, -52.993281, 5.603244
81.593130, -52.964076, 5.615594
81.643183, -52.936176, 5.629166
81.690674, -52.909652, 5.643966
81.736043, -52.884249, 5.659753
81.779818, -52.859664, 5.676244
81.822528, -52.835592, 5.693157
81.864702, -52.811729, 5.710209
81.906868, -52.787770, 5.727119
81.949556, -52.763411, 5.743605
81.993295, -52.738348, 5.759384
82.038612, -52.712277, 5.774174
82.086036, -52.684893, 5.787693
82.135883, -52.656018, 5.799707
82.187917, -52.625792, 5.810099
82.241818, -52.594408, 5.818773
82.297262, -52.562058, 5.825634
82.353929, -52.528934, 5.830584
82.411497, -52.495229, 5.833529
82.469644, -52.461135, 5.834371
82.528047, -52.426843, 5.833014
82.586387, -52.392547, 5.829363
82.644340, -52.358439, 5.823320
82.701676, -52.324652, 5.814873
82.758406, -52.291168, 5.804229
82.814582, -52.257939, 5.791632
82.870258, -52.224920, 5.777325
82.925485, -52.192065, 5.761554
82.980314, -52.159328, 5.744562
83.034800, -52.126663, 5.726594
83.088993, -52.094023, 5.707894
83.142946, -52.061364, 5.688705
83.196712, -52.028638, 5.669273
83.250350, -51.995814, 5.649816
83.303944, -51.962895, 5.630489
83.357582, -51.929894, 5.611431
83.411352, -51.896820, 5.592784
83.465340, -51.863686, 5.574688
83.519636, -51.830502, 5.557283
83.574325, -51.797280, 5.540712
83.629497, -51.764030, 5.525114
83.685238, -51.730765, 5.510631
83.741636, -51.697494, 5.497402
83.798668, -51.664212, 5.485545
83.855989, -51.630860, 5.475101
83.913194, -51.597373, 5.466097
83.969878, -51.563684, 5.458564
84.025636, -51.529724, 5.452529
84.080064, -51.495428, 5.448020
84.132757, -51.460729, 5.445067
84.183311, -51.425559, 5.443698
84.231320, -51.389852, 5.443940
84.276381, -51.353541, 5.445824
84.318306, -51.316626, 5.449354
84.357581, -51.279313, 5.454470
84.394815, -51.241849, 5.461097
84.430621, -51.204478, 5.469161
84.465609, -51.167445, 5.478587
84.500391, -51.130998, 5.489302
84.535579, -51.095380, 5.501230
84.571783, -51.060838, 5.514298
84.609616, -51.027616, 5.528431
84.649688, -50.995962, 5.543554
84.692434, -50.965986, 5.559575
84.737728, -50.937375, 5.576336
84.785329, -50.909730, 5.593671
84.834997, -50.882654, 5.611410
84.886491, -50.855745, 5.629386
84.939573, -50.828607, 5.647431
84.994001, -50.800839, 5.665377
85.049535, -50.772044, 5.683055
85.105936, -50.741822, 5.700297
85.162964, -50.709774, 5.716935
85.220359, -50.675626, 5.732813
85.277804, -50.639512, 5.747811
85.334965, -50.601654, 5.761820
85.391512, -50.562276, 5.774727
85.447113, -50.521598, 5.786424
85.501435, -50.479843, 5.796798
85.554147, -50.437232, 5.805739
85.604918, -50.393988, 5.813137
85.653414, -50.350333, 5.818880
85.699306, -50.306488, 5.822859
85.742432, -50.262672, 5.825013
85.783231, -50.219086, 5.825468