85.822274, -50.175929, 5.824384
85.860132, -50.133400, 5.821925
85.897375, -50.091698, 5.818255
85.934574, -50.051022, 5.813535
85.972298, -50.011570, 5.807929
86.011119, -49.973541, 5.801600
86.051606, -49.937135, 5.794710
86.094331, -49.902549, 5.787423
86.139690, -49.869874, 5.779855
86.187444, -49.838801, 5.771962
86.237210, -49.808930, 5.763660
86.288605, -49.779861, 5.754865
86.341244, -49.751195, 5.745494
86.394744, -49.722532, 5.735462
86.448721, -49.693471, 5.724687
86.502792, -49.663614, 5.713085
86.556573, -49.632560, 5.700573
86.609680, -49.599909, 5.687066
86.661818, -49.565376, 5.672520
86.713028, -49.529106, 5.657038
86.763431, -49.491351, 5.640757
86.813149, -49.452361, 5.623814
86.862303, -49.412386, 5.606348
86.911016, -49.371678, 5.588495
86.959409, -49.330486, 5.570395
87.007603, -49.289061, 5.552184
87.055720, -49.247655, 5.534000
87.103882, -49.206516, 5.515981
87.152183, -49.165834, 5.498293
87.200609, -49.125546, 5.481212
87.249119, -49.085526, 5.465044
87.297672, -49.045650, 5.450094
87.346226, -49.005792, 5.436666
87.394742, -48.965827, 5.425067
87.443177, -48.925629, 5.415601
87.491491, -48.885075, 5.408573
87.539642, -48.844037, 5.404288
87.587589, -48.802392, 5.403052
87.635300, -48.760051, 5.405081
87.682780, -48.717079, 5.410219
87.730042, -48.673582, 5.418215
87.777102, -48.629666, 5.428818
87.823973, -48.585437, 5.441775
87.870670, -48.541001, 5.456834
87.917206, -48.496462, 5.473743
87.963597, -48.451928, 5.492251
88.009856, -48.407504, 5.512105
88.055997, -48.363296, 5.533054
88.102039, -48.319381, 5.554852
88.148013, -48.275715, 5.577276
88.193956, -48.232221, 5.600112
88.239904, -48.188820, 5.623144
88.285893, -48.145435, 5.646158
88.331959, -48.101987, 5.668939
88.378139, -48.058400, 5.691272
88.424469, -48.014595, 5.712941
88.470984, -47.970494, 5.733733
88.517723, -47.926020, 5.753431
88.564704, -47.881115, 5.771829
88.611877, -47.835817, 5.788762
88.659170, -47.790187, 5.804076
88.706512, -47.744290, 5.817614
88.753831, -47.698189, 5.829224
88.801055, -47.651948, 5.838750
88.848114, -47.605630, 5.846038
88.894935, -47.559298, 5.850933
88.941447, -47.513016, 5.853281
88.987578, -47.466847, 5.852927
89.033283, -47.420844, 5.849773
89.078645, -47.375005, 5.843991
89.123785, -47.329311, 5.835835
89.168822, -47.283744, 5.825557
89.213877, -47.238288, 5.813411
89.259071, -47.192924, 5.799649
89.304524, -47.147633, 5.784525
89.350356, -47.102399, 5.768291
89.396689, -47.057203, 5.751200
89.443642, -47.012027, 5.733506
89.491274, -46.966849, 5.715444
89.539330, -46.921633, 5.697158
89.587461, -46.876335, 5.678765
89.635313, -46.830912, 5.660382
89.682537, -46.785320, 5.642126
89.728780, -46.739517, 5.624114
89.773691, -46.693459, 5.606461
89.816919, -46.647104, 5.589286
89.858113, -46.600408, 5.572704
89.896922, -46.553328, 5.556833
89.933101, -46.505865, 5.541781
89.966976, -46.458255, 5.527614
89.999057, -46.410810, 5.514383
90.029854, -46.363840, 5.502141
90.059876, -46.317657, 5.490939
90.089634, -46.272573, 5.480828
90.119637, -46.228900, 5.471862
90.150395, -46.186948, 5.464090
90.182419, -46.147030, 5.457565
90.216217, -46.109456, 5.452340
90.252201, -46.074434, 5.448451
90.290227, -46.041593, 5.445863
90.329967, -46.010367, 5.444516
90.371090, -45.980189, 5.444348
90.413268, -45.950492, 5.445298
90.456171, -45.920710, 5.447305
90.499468, -45.890275, 5.450308
90.542831, -45.858622, 5.454246
90.585929, -45.825183, 5.459057
90.628433, -45.789393, 5.464682
90.670072, -45.750780, 5.471067
90.710905, -45.709434, 5.478212
90.751111, -45.665641, 5.486136
90.790868, -45.619690, 5.494854
90.830356, -45.571868, 5.504385
90.869752, -45.522462, 5.514747
90.909236, -45.471759, 5.525958
90.948986, -45.420046, 5.538034
90.989180, -45.367612, 5.550994
91.029998, -45.314744, 5.564856
91.071571, -45.261717, 5.579614
91.113756, -45.208736, 5.595134
91.156308, -45.155982, 5.611232
91.198978, -45.103633, 5.627723
91.241521, -45.051868, 5.644423
91.283690, -45.000866, 5.661147
91.325238, -44.950808, 5.677711
91.365920, -44.901871, 5.693931
91.405487, -44.854236, 5.709622
91.443694, -44.808081, 5.724601
91.480339, -44.763547, 5.738696
91.515502, -44.720524, 5.751830
91.549374, -44.678808, 5.763956
91.582145, -44.638194, 5.775031
91.614006, -44.598477, 5.785010
91.645147, -44.559450, 5.793850
91.675759, -44.520911, 5.801505
91.706032, -44.482652, 5.807932
91.736157, -44.444469, 5.813085
91.766324, -44.406158, 5.816922
91.796702, -44.367534, 5.819407
91.827325, -44.328565, 5.820576
91.858169, -44.289274, 5.820494
91.889210, -44.249689, 5.819223
91.920426, -44.209833, 5.816829
91.951792, -44.169734, 5.813374
91.983286, -44.129417, 5.808922
92.014883, -44.088907, 5.803538
92.046561, -44.048230, 5.797285
92.078296, -44.007411, 5.790226
92.110063, -43.966481, 5.782425
92.141818, -43.925494, 5.773930
92.173511, -43.884518, 5.764787
92.205094, -43.843618, 5.755039
92.236516, -43.802862, 5.744730
92.267727, -43.762317, 5.733906
92.298677, -43.722048, 5.722610
92.329317, -43.682123, 5.710887
92.359597, -43.642609, 5.698782
92.389466, -43.603571, 5.686338
92.418896, -43.565052, 5.673610
92.448003, -43.526901, 5.660716
92.476969, -43.488888, 5.647806
92.505974, -43.450780, 5.635027
92.535201, -43.412345, 5.622529
92.564831, -43.373351, 5.610460
92.595046, -43.333565, 5.598969
92.626027, -43.292757, 5.588204
92.657956, -43.250692, 5.578315
92.691015, -43.207140, 5.569449
92.725352, -43.161907, 5.561724
92.760871, -43.115093, 5.555025
92.797359, -43.066933, 5.549124
92.834606, -43.017665, 5.543799
92.872400, -42.967525, 5.538822
92.910529, -42.916749, 5.533968
92.948781, -42.865574, 5.529013
92.986946, -42.814235, 5.523731
93.024810, -42.762969, 5.517896
93.062163, -42.712014, 5.511283
93.098819, -42.661572, 5.503726
93.134787, -42.611597, 5.495527
93.170175, -42.561917, 5.487215
93.205091, -42.512363, 5.479321
93.239640, -42.462764, 5.472374
93.273931, -42.412948, 5.466903
93.308070, -42.362747, 5.463439
93.342165, -42.311989, 5.462511
93.376322, -42.260503, 5.464650
93.410650, -42.208119, 5.470385
93.445243, -42.154689, 5.480166
93.480108, -42.100257, 5.493770
93.515205, -42.044960, 5.510641
93.550493, -41.988940, 5.530217
93.585932, -41.932335, 5.551939
93.621482, -41.875285, 5.575247
93.657103, -41.817930, 5.599580
93.692753, -41.760408, 5.624379
93.728394, -41.702860, 5.649083
93.763985, -41.645425, 5.673132
93.799486, -41.588232, 5.695997
93.834872, -41.531326, 5.717415
93.870119, -41.474705, 5.737265
93.905208, -41.418369, 5.755425
93.940117, -41.362315, 5.771775
93.974826, -41.306543, 5.786193
94.009312, -41.251050, 5.798558
94.043556, -41.195837, 5.808750
94.077536, -41.140900, 5.816647
94.111231, -41.086240, 5.822128
94.144623, -41.031849, 5.825090
94.177731, -40.977678, 5.825602
94.210593, -40.923651, 5.823822
94.243246, -40.869695, 5.819911
94.275728, -40.815734, 5.814031
94.308077, -40.761694, 5.806340
94.340330, -40.707500, 5.797001
94.372525, -40.653078, 5.786173
94.404700, -40.598352, 5.774017
94.436892, -40.543248, 5.760695
94.469137, -40.487704, 5.746363
94.501448, -40.431782, 5.731157
94.533824, -40.375614, 5.715199
94.566264, -40.319333, 5.698610
94.598769, -40.263071, 5.681513
94.631337, -40.206962, 5.664029
94.663968, -40.151139, 5.646279
94.696661, -40.095733, 5.628386
94.729417, -40.040878, 5.610471
94.762233, -39.986706, 5.592656
94.795102, -39.933330, 5.575069
94.827917, -39.880648, 5.557911
94.860518, -39.828433, 5.541422
94.892742, -39.776457, 5.525844
94.924428, -39.724489, 5.511420
94.955414, -39.672302, 5.498390
94.985539, -39.619668, 5.486997
95.014640, -39.566357, 5.477482
95.042555, -39.512140, 5.470088
95.069124, -39.456789, 5.465056
95.094211, -39.400113, 5.462599
95.117971, -39.342321, 5.462605
95.140739, -39.283870, 5.464767
95.162852, -39.225219, 5.468774
95.184646, -39.166827, 5.474315
95.206456, -39.109154, 5.481081
95.228620, -39.052660, 5.488759
95.251475, -38.997804, 5.497040
95.275355, -38.945045, 5.505613
95.300599, -38.894843, 5.514167
95.327511, -38.847600, 5.522415
95.356044, -38.803058, 5.530344
95.385923, -38.760542, 5.538113
95.416872, -38.719368, 5.545885
95.448613, -38.678853, 5.553823
95.480871, -38.638314, 5.562089
95.513367, -38.597067, 5.570845
95.545825, -38.554430, 5.580256
95.577968, -38.509719, 5.590482
95.609519, -38.462252, 5.601687
95.640214, -38.411408, 5.614012
95.669964, -38.357348, 5.627329
95.698790, -38.300743, 5.641337
95.726718, -38.242278, 5.655729
95.753772, -38.182633, 5.670199
95.779977, -38.122492, 5.684441
95.805358, -38.062537, 5.698149
95.829940, -38.003451, 5.711017
95.853748, -37.945916, 5.722739
95.876806, -37.890615, 5.733009
95.899145, -37.838172, 5.741540
95.920880, -37.788479, 5.748300
95.942179, -37.740922, 5.753427
95.963215, -37.694878, 5.757067
95.984156, -37.649722, 5.759363
96.005176, -37.604830, 5.760459
96.026445, -37.559578, 5.760499
96.048133, -37.513343, 5.759626
96.070412, -37.465500, 5.757985
96.093453, -37.415425, 5.755719
96.117415, -37.362536, 5.752967
96.142307, -37.306823, 5.749791
96.168028, -37.248680, 5.746200
96.194475, -37.188513, 5.742200
96.221546, -37.126729, 5.737799
96.249138, -37.063731, 5.733004
96.277147, -36.999925, 5.727822
96.305472, -36.935718, 5.722260
96.334009, -36.871513, 5.716325
96.362655, -36.807717, 5.710024
96.391306, -36.744714, 5.703366
96.419823, -36.682594, 5.696367
96.448043, -36.621225, 5.689050
96.475802, -36.560472, 5.681439
96.502937, -36.500199, 5.673558
96.529285, -36.440269, 5.665430
96.554682, -36.380546, 5.657079
96.578964, -36.320895, 5.648529
96.601968, -36.261179, 5.639802
96.623530, -36.201262, 5.630924
96.643508, -36.141016, 5.621920
96.662073, -36.080441, 5.612857
96.679643, -36.019633, 5.603831
96.696638, -35.958691, 5.594941
96.713483, -35.897716, 5.586285
96.730599, -35.836806, 5.577961
96.748410, -35.776061, 5.570067
96.767338, -35.715581, 5.562700
96.787805, -35.655465, 5.555961
96.810234, -35.595813, 5.549945
96.835020, -35.536715, 5.544745
96.862110, -35.478121, 5.540358
96.891088, -35.419866, 5.536700
96.921529, -35.361781, 5.533688
96.953008, -35.303698, 5.531237
96.985098, -35.245450, 5.529263
97.017376, -35.186867, 5.527681
97.049416, -35.127782, 5.526408
97.080791, -35.068027, 5.525358
97.111077, -35.007433, 5.524447
97.139864, -34.945848, 5.523599
97.167014, -34.883390, 5.522853
97.192613, -34.820402, 5.522347
97.216759, -34.757237, 5.522223
97.239545, -34.694244, 5.522623
97.261067, -34.631775, 5.523687
97.281420, -34.570181, 5.525558
97.300700, -34.509813, 5.528378
97.319001, -34.451023, 5.532287
97.336418, -34.394162, 5.537427
97.353049, -34.339560, 5.543933
97.369003, -34.287204, 5.551815
97.384406, -34.236772, 5.560973
97.399384, -34.187934, 5.571307
97.414060, -34.140361, 5.582713
97.428561, -34.093722, 5.595088
97.443012, -34.047688, 5.608330
97.457538, -34.001928, 5.622338
97.472263, -33.956113, 5.637007
97.487314, -33.909912, 5.652237
97.502808, -33.863006, 5.667919
97.518724, -33.815292, 5.683870
97.534910, -33.766860, 5.699833
97.551215, -33.717807, 5.715548
97.567483, -33.668231, 5.730757
97.583560, -33.618231, 5.745200
97.599293, -33.567903, 5.758618
97.614527, -33.517346, 5.770753
97.629108, -33.466657, 5.781345
97.642882, -33.415933, 5.790135
97.655704, -33.365270, 5.796875
97.667590, -33.314693, 5.801545
97.678710, -33.264163, 5.804336
97.689242, -33.213639, 5.805452
97.699363, -33.163079, 5.805093
97.709249, -33.112441, 5.803461
97.719078, -33.061685, 5.800759
97.729026, -33.010769, 5.797187
97.739270, -32.959650, 5.792947
97.749987, -32.908288, 5.788241
97.761349, -32.856646, 5.783265
97.773428, -32.804772, 5.778094
97.786195, -32.752804, 5.772680
97.799619, -32.700879, 5.766972
97.813667, -32.649138, 5.760920
97.828307, -32.597719, 5.754471
97.843508, -32.546763, 5.747576
97.859237, -32.496407, 5.740182
97.875462, -32.446792, 5.732238
97.892151, -32.398057, 5.723693
97.909271, -32.350331, 5.714498
97.926773, -32.303505, 5.704639
97.944590, -32.257230, 5.694139
97.962654, -32.211142, 5.683024
97.980898, -32.164880, 5.671320
97.999254, -32.118082, 5.659051
98.017654, -32.070387, 5.646244
98.036032, -32.021433, 5.632922
98.054319, -31.970857, 5.619113
98.072448, -31.918298, 5.604840
98.090353, -31.863407, 5.590133
98.108003, -31.806161, 5.575089
98.125405, -31.746883, 5.559882
98.142569, -31.685911, 5.544688
98.159504, -31.623585, 5.529685
98.176219, -31.560245, 5.515047
98.192723, -31.496229, 5.500953
98.209024, -31.431878, 5.487579
98.225133, -31.367529, 5.475102
98.241058, -31.303523, 5.463698
98.256809, -31.240190, 5.453544
98.272393, -31.177604, 5.444835
98.287818, -31.115559, 5.437785
98.303092, -31.053834, 5.432609
98.318222, -30.992207, 5.429520
98.333216, -30.930458, 5.428734
98.348081, -30.868366, 5.430465
98.362825, -30.805710, 5.434928
98.377455, -30.742268, 5.442337
98.391978, -30.677820, 5.452907
98.406401, -30.612155, 5.466841
98.420676, -30.545345, 5.483993
98.434695, -30.477794, 5.503814
98.448347, -30.409920, 5.525736
98.461520, -30.342144, 5.549191
98.474104, -30.274884, 5.573607
98.485985, -30.208560, 5.598418
98.497055, -30.143591, 5.623053
98.507200, -30.080398, 5.646943
98.516309, -30.019400, 5.669519
98.524277, -29.961006, 5.690223
98.531156, -29.905284, 5.708842
98.537188, -29.851898, 5.725575
98.542629, -29.800487, 5.740645
98.547731, -29.750692, 5.754276
98.552750, -29.702152, 5.766691
98.557938, -29.654507, 5.778112
98.563550, -29.607395, 5.788764
98.569840, -29.560457, 5.798870
98.577061, -29.513333, 5.808653
98.585463, -29.465667, 5.818330
98.595092, -29.417275, 5.827936
98.605746, -29.368186, 5.837275
98.617207, -29.318441, 5.846140
98.629258, -29.268084, 5.854320
98.641681, -29.217155, 5.861607
98.654258, -29.165697, 5.867793
98.666772, -29.113752, 5.872667
98.679005, -29.061362, 5.876022
98.690740, -29.008569, 5.877648
98.701762, -28.955414, 5.877340
98.711989, -28.901952, 5.875031
98.721510, -28.848248, 5.870832
98.730425, -28.794371, 5.864868
98.738832, -28.740389, 5.857260
98.746832, -28.686369, 5.848132
98.754525, -28.632378, 5.837608
98.762010, -28.578486, 5.825811
98.769387, -28.524758, 5.812864
98.776756, -28.471264, 5.798890
98.784214, -28.418070, 5.784012
98.791807, -28.365222, 5.768367
98.799507, -28.312733, 5.752103
98.807281, -28.260617, 5.735371
98.815096, -28.208886, 5.718324
98.822921, -28.157552, 5.701111
98.830722, -28.106628, 5.683884
98.838466, -28.056127, 5.666794
98.846121, -28.006061, 5.649992
98.853654, -27.956443, 5.633629
98.861033, -27.907284, 5.617854
98.868257, -27.858502, 5.602708
98.875370, -27.809893, 5.588083
98.882415, -27.761241, 5.573857
98.889438, -27.712331, 5.559911
98.896486, -27.662947, 5.546125
98.903604, -27.612874, 5.532379
98.910837, -27.561896, 5.518553
98.918231, -27.509798, 5.504527
98.925832, -27.456365, 5.490180
98.933683, -27.401383, 5.475398
98.941792, -27.344768, 5.460300
98.950106, -27.286617, 5.445347
98.958569, -27.227044, 5.431027
98.967126, -27.166161, 5.417826
98.975721, -27.104083, 5.406234
98.984297, -27.040922, 5.396736
98.992800, -26.976791, 5.389822
99.001174, -26.911803, 5.385978
99.009361, -26.846072, 5.385692
99.017308, -26.779712, 5.389446
99.024976, -26.712928, 5.397376
99.032356, -26.646061, 5.409101
99.039440, -26.579462, 5.424195
99.046221, -26.513485, 5.442232
99.052692, -26.448481, 5.462788
99.058844, -26.384802, 5.485436
99.064671, -26.322800, 5.509752
99.070164, -26.262827, 5.535309
99.075317, -26.205236, 5.561683
99.080122, -26.150372, 5.588449
99.084602, -26.098194, 5.615236
99.088826, -26.048056, 5.641759
99.092867, -25.999257, 5.667739
99.096798, -25.951097, 5.692900
99.100693, -25.902875, 5.716961
99.104625, -25.853890, 5.739646
99.108667, -25.803443, 5.760676
99.112892, -25.750832, 5.779773
99.117373, -25.695358, 5.796658
99.122183, -25.636328, 5.811057
99.127340, -25.573584, 5.822857
99.132772, -25.507847, 5.832215
99.138402, -25.439917, 5.839311
99.144148, -25.370595, 5.844326
99.149934, -25.300680, 5.847442
99.155678, -25.230974, 5.848839
99.161303, -25.162278, 5.848698
99.166728, -25.095391, 5.847200
99.171875, -25.031114, 5.844527
99.176666, -24.970241, 5.840857
99.181070, -24.913035, 5.836314
99.185142, -24.858854, 5.830915
99.188942, -24.806969, 5.824670
99.192533, -24.756650, 5.817591
99.195977, -24.707168, 5.809686
99.199334, -24.657793, 5.800966
99.202668, -24.607797, 5.791441
99.206038, -24.556450, 5.781120
99.209508, -24.503022, 5.770014
99.213139, -24.446789, 5.758132
99.216961, -24.387419, 5.745535
99.220954, -24.325278, 5.732373
99.225089, -24.260805, 5.718801
99.229340, -24.194438, 5.704978
99.233680, -24.126613, 5.691061
99.238081, -24.057770, 5.677207
99.242516, -23.988346, 5.663575
99.246958, -23.918779, 5.650322
99.251380, -23.849507, 5.637604
99.255754, -23.780965, 5.625580
99.260059, -23.713385, 5.614327
99.264282, -23.646614, 5.603778
99.268411, -23.580464, 5.593850
99.272436, -23.514741, 5.584462
99.276345, -23.449255, 5.575531
99.280127, -23.383816, 5.566974
99.283770, -23.318231, 5.558709
99.287263, -23.252309, 5.550652
99.290594, -23.185860, 5.542723
99.293753, -23.118693, 5.534839
99.296738, -23.050815, 5.527032
99.299565, -22.982606, 5.519551
99.302254, -22.914489, 5.512669
99.304823, -22.846887, 5.506662
99.307291, -22.780224, 5.501801
99.309678, -22.714921, 5.498363
99.312003, -22.651404, 5.496619
99.314284, -22.590094, 5.496845
99.316540, -22.531415, 5.499313
99.318790, -22.475787, 5.504297
99.321045, -22.423273, 5.511849
99.323298, -22.373215, 5.521584
99.325539, -22.324873, 5.533064
99.327758, -22.277503, 5.545852
99.329948, -22.230365, 5.559509
99.332099, -22.182717, 5.573598
99.334201, -22.133816, 5.587681
99.336245, -22.082922, 5.601321
99.338223, -22.029291, 5.614079
99.340125, -21.972185, 5.625519
99.341948, -21.911322, 5.635418
99.343698, -21.847373, 5.643998
99.345386, -21.781130, 5.651534
99.347020, -21.713383, 5.658306
99.348610, -21.644923, 5.664589
99.350164, -21.576542, 5.670662
99.351693, -21.509030, 5.676800
99.353204, -21.443179, 5.683282
99.354707, -21.379779, 5.690384
99.356211, -21.319619, 5.698383
99.357721, -21.263063, 5.707369
99.359235, -21.209550, 5.717030
99.360748, -21.158397, 5.726998
99.362255, -21.108921, 5.736907
99.363753, -21.060441, 5.746392
99.365237, -21.012273, 5.755086
99.366702, -20.963735, 5.762622
99.368146, -20.914144, 5.768634
99.369562, -20.862818, 5.772756
99.370948, -20.809075, 5.774623
99.372301, -20.752524, 5.774034
99.373625, -20.693428, 5.771169
99.374925, -20.632142, 5.766258
99.376206, -20.569022, 5.759530
99.377472, -20.504422, 5.751217
99.378729, -20.438698, 5.741548
99.379980, -20.372203, 5.730753
99.381231, -20.305294, 5.719064
99.382485, -20.238324, 5.706710
99.383749, -20.171649, 5.693921
99.385024, -20.105495, 5.680910
99.386304, -20.039787, 5.667846
99.387584, -19.974408, 5.654891
99.388858, -19.909238, 5.642209
99.390120, -19.844160, 5.629963
99.391364, -19.779055, 5.618315
99.392584, -19.713804, 5.607429
99.393773, -19.648289, 5.597467
99.394927, -19.582393, 5.588593
99.396038, -19.515995, 5.580969
99.397102, -19.449082, 5.574668
99.398115, -19.381889, 5.569541
99.399072, -19.314689, 5.565407
99.399970, -19.247759, 5.562081
99.400805, -19.181372, 5.559383
99.401573, -19.115802, 5.557129
99.402271, -19.051324, 5.555137
99.402894, -18.988212, 5.553225
99.403440, -18.926741, 5.551211
99.403903, -18.867185, 5.548911
99.404286, -18.809634, 5.546257
99.404603, -18.753706, 5.543473
99.404873, -18.698942, 5.540829
99.405113, -18.644885, 5.538594
99.405341, -18.591078, 5.537038
99.405573, -18.537062, 5.536431
99.405827, -18.482379, 5.537044
99.406121, -18.426573, 5.539145
99.406473, -18.369185, 5.543005
99.406900, -18.309757, 5.548892
99.407411, -18.248053, 5.556937
99.407994, -18.184424, 5.566885
99.408633, -18.119320, 5.578420
99.409313, -18.053193, 5.591226
99.410018, -17.986494, 5.604988
99.410732, -17.919672, 5.619388
99.411440, -17.853178, 5.634111
99.412126, -17.787464, 5.648842
99.412773, -17.722979, 5.663262
99.413367, -17.660174, 5.677058
99.413896, -17.599359, 5.689954
99.414364, -17.540451, 5.701801
99.414775, -17.483296, 5.712466
99.415135, -17.427743, 5.721819
99.415450, -17.373639, 5.729728
99.415724, -17.320831, 5.736064
99.415963, -17.269166, 5.740695
99.416171, -17.218493, 5.743489
99.416356, -17.168659, 5.744317
99.416520, -17.119511, 5.743048
99.416671, -17.070867, 5.739595
99.416812, -17.022453, 5.734008
99.416948, -16.973980, 5.726357
99.417083, -16.925161, 5.716715
99.417222, -16.875706, 5.705155
99.417369, -16.825326, 5.691749
99.417528, -16.773732, 5.676569
99.417705, -16.720636, 5.659686
99.417903, -16.665748, 5.641174
99.418127, -16.608780, 5.621104
99.418380, -16.549584, 5.599594
99.418659, -16.488449, 5.576897
99.418959, -16.425743, 5.553292
99.419276, -16.361836, 5.529061
99.419606, -16.297099, 5.504482
99.419946, -16.231901, 5.479836
99.420290, -16.166613, 5.455403
99.420636, -16.101603, 5.431462
99.420978, -16.037243, 5.408293
99.421312, -15.973902, 5.386176
99.421636, -15.911825, 5.365320
99.421948, -15.850860, 5.345703
99.422248, -15.790775, 5.327261
99.422536, -15.731338, 5.309926
99.422812, -15.672316, 5.293632
99.423075, -15.613478, 5.278314
99.423325, -15.554592, 5.263904
99.423561, -15.495426, 5.250337
99.423784, -15.435747, 5.237547
99.423993, -15.375323, 5.225467
99.424188, -15.314008, 5.214040
99.424372, -15.251937, 5.203236
99.424546, -15.189305, 5.193032
99.424714, -15.126308, 5.183405
99.424878, -15.063140, 5.174330
99.425040, -14.999997, 5.165785
99.425203, -14.937073, 5.157746
99.425369, -14.874565, 5.150190
99.425541, -14.812667, 5.143093
99.425721, -14.751574, 5.136432
99.425910, -14.691400, 5.130214
99.426103, -14.631973, 5.124551
99.426294, -14.573060, 5.119579
99.426476, -14.514425, 5.115435
99.426643, -14.455836, 5.112253
99.426789, -14.397057, 5.110171
99.426907, -14.337855, 5.109322
99.426991, -14.277995, 5.109845
99.427035, -14.217244, 5.111873
99.427032, -14.155368, 5.115544
99.426978, -14.092249, 5.120932
99.426879, -14.028199, 5.127892
99.426741, -13.963627, 5.136226
99.426572, -13.898943, 5.145738
99.426379, -13.834556, 5.156232
99.426168, -13.770875, 5.167509
99.425948, -13.708309, 5.179375
99.425724, -13.647269, 5.191632
99.425505, -13.588163, 5.204083
99.425298, -13.531400, 5.216531
99.425107, -13.477233, 5.228744
99.424934, -13.425306, 5.240347
99.424778, -13.375123, 5.250933
99.424639, -13.326185, 5.260094
99.424517, -13.277993, 5.267423
99.424409, -13.230050, 5.272512
99.424317, -13.181858, 5.274953
99.424239, -13.132918, 5.274340
99.424176, -13.082732, 5.270265
99.424126, -13.030802, 5.262319
99.424088, -12.976760, 5.250283
99.424059, -12.920757, 5.234681
99.424036, -12.863076, 5.216226
99.424014, -12.803997, 5.195629
99.423990, -12.743802, 5.173602
99.423961, -12.682773, 5.150858
99.423921, -12.621191, 5.128107
99.423869, -12.559338, 5.106062
99.423799, -12.497496, 5.085436
99.423708, -12.435945, 5.066938
99.423593, -12.374910, 5.051141
99.423458, -12.314369, 5.038018
99.423306, -12.254239, 5.027389
99.423140, -12.194436, 5.019074
99.422966, -12.134875, 5.012893
99.422787, -12.075473, 5.008665
99.422607, -12.016145, 5.006210
99.422430, -11.956807, 5.005347
99.422260, -11.897375, 5.005896
99.422101, -11.837765, 5.007678
99.421955, -11.777917, 5.010417
99.421822, -11.717875, 5.013432
99.421698, -11.657711, 5.015927
99.421581, -11.597497, 5.017107
99.421467, -11.537308, 5.016178
99.421354, -11.477214, 5.012346
99.421239, -11.417288, 5.004815
99.421119, -11.357604, 4.992790
99.420991, -11.298233, 4.975477
99.420852, -11.239248, 4.952082
99.420700, -11.180704, 4.922055
99.420536, -11.122574, 4.885979
99.420364, -11.064808, 4.844759
99.420184, -11.007357, 4.799299
99.420001, -10.950168, 4.750503
99.419816, -10.893194, 4.699276
99.419632, -10.836383, 4.646523
99.419451, -10.779686, 4.593148
99.419275, -10.723052, 4.540056
99.419108, -10.666432, 4.488151
99.418950, -10.609793, 4.437563
99.418801, -10.553190, 4.384720
99.418659, -10.496703, 4.324939
99.418521, -10.440415, 4.253539
99.418386, -10.384404, 4.165839
99.418251, -10.328752, 4.057159
99.418114, -10.273540, 3.922815
99.417974, -10.218847, 3.758127
99.417829, -10.164756, 3.558414
99.417675, -10.111346, 3.318995
99.417513, -10.058670, 3.037465
99.417340, -10.006641, 2.722822
99.417160, -9.955128, 2.387626
99.416971, -9.903999, 2.044439
99.416775, -9.853124, 1.705821
99.416572, -9.802372, 1.384333
99.416363, -9.751611, 1.092536
99.416149, -9.700710, 0.842990
99.415930, -9.649538, 0.648258
99.415708, -9.597965, 0.520900
99.415482, -9.545883, 0.470503
99.415254, -9.493313, 0.491076
99.415025, -9.440314, 0.571541
99.414798, -9.386948, 0.700819
99.414572, -9.333277, 0.867830
99.414350, -9.279361, 1.061495
99.414133, -9.225261, 1.270733
99.413922, -9.171039, 1.484465
99.413719, -9.116755, 1.691612
99.413525, -9.062471, 1.881093
99.413341, -9.008241, 2.043562
99.413162, -8.954080, 2.179171
99.412983, -8.899993, 2.291313
99.412799, -8.845981, 2.383382
99.412602, -8.792049, 2.458775
99.412389, -8.738198, 2.520886
99.412153, -8.684433, 2.573110
99.411889, -8.630756, 2.618842
99.411591, -8.577170, 2.661477
99.411252, -8.523679, 2.704411
99.410870, -8.470289, 2.750578
99.410448, -8.417030, 2.800278
99.409994, -8.363938, 2.852869
99.409514, -8.311052, 2.907708
99.409015, -8.258407, 2.964153
99.408506, -8.206042, 3.021562
99.407992, -8.153994, 3.079293
99.407481, -8.102299, 3.136702
99.406980, -8.050995, 3.193149
99.406496, -8.000119, 3.247990
99.406036, -7.949682, 3.300688
99.405600, -7.899532, 3.351336
99.405186, -7.849461, 3.400264
99.404792, -7.799257, 3.447799
99.404418, -7.748711, 3.494271
99.404060, -7.697611, 3.540008
99.403719, -7.645748, 3.585339
99.403391, -7.592911, 3.630592
99.403075, -7.538891, 3.676096
99.402770, -7.483475, 3.722180
99.402474, -7.426514, 3.769107
99.402182, -7.368224, 3.816725
99.401892, -7.308967, 3.864724
99.401600, -7.249104, 3.912789
99.401301, -7.188997, 3.960610
99.400991, -7.129006, 4.007874
99.400666, -7.069493, 4.054269
99.400323, -7.010820, 4.099482
99.399957, -6.953348, 4.143202
99.399565, -6.897438, 4.185116
99.399143, -6.843382, 4.224978
99.398696, -6.791006, 4.262977
99.398231, -6.739948, 4.299475
99.397754, -6.689848, 4.334837
99.397272, -6.640343, 4.369429
99.396792, -6.591071, 4.403614
99.396322, -6.541672, 4.437757
99.395867, -6.491782, 4.472222
99.395436, -6.441041, 4.507375
99.395034, -6.389087, 4.543579
99.394668, -6.335603, 4.581130
99.394333, -6.280588, 4.619850
99.394019, -6.224172, 4.659359
99.393718, -6.166490, 4.699277
99.393422, -6.107671, 4.739223
99.393120, -6.047848, 4.778817
99.392805, -5.987153, 4.817679
99.392467, -5.925718, 4.855428
99.392097, -5.863674, 4.891685
99.391687, -5.801154, 4.926068
99.391228, -5.738286, 4.958245
99.390726, -5.675164, 4.988221
99.390186, -5.611871, 5.016151
99.389619, -5.548490, 5.042190
99.389031, -5.485102, 5.066494
99.388431, -5.421788, 5.089219
99.387827, -5.358632, 5.110519
99.387227, -5.295714, 5.130551
99.386639, -5.233117, 5.149470
99.386071, -5.170923, 5.167431
99.385531, -5.109198, 5.184585
99.385018, -5.047898, 5.201046
99.384528, -4.986926, 5.216906
99.384058, -4.926185, 5.232263
99.383603, -4.865577, 5.247211
99.383160, -4.805005, 5.261846
99.382725, -4.744372, 5.276261
99.382295, -4.683580, 5.290553
99.381864, -4.622533, 5.304816
99.381430, -4.561134, 5.319146
99.380990, -4.499291, 5.333644
99.380540, -4.436969, 5.348469
99.380080, -4.374157, 5.363804
99.379610, -4.310845, 5.379833
99.379129, -4.247023, 5.396742
99.378634, -4.182681, 5.414715
99.378127, -4.117807, 5.433936
99.377605, -4.052393, 5.454589
99.377068, -3.986427, 5.476859
99.376515, -3.919900, 5.500930
99.375946, -3.852821, 5.526938
99.375367, -3.785365, 5.554621
99.374786, -3.717789, 5.583513
99.374214, -3.650353, 5.613150
99.373659, -3.583315, 5.643064
99.373131, -3.516932, 5.672792
99.372638, -3.451463, 5.701867
99.372189, -3.387167, 5.729824
99.371795, -3.324301, 5.756198
99.371464, -3.263125, 5.780522
99.371202, -3.203869, 5.802364
99.370988, -3.146523, 5.821586
99.370784, -3.090954, 5.838200
99.370555, -3.037026, 5.852223
99.370265, -2.984603, 5.863668
99.369877, -2.933550, 5.872550
99.369354, -2.883731, 5.878884
99.368661, -2.835010, 5.882686
99.367761, -2.787252, 5.883969
99.366618, -2.740323, 5.882749
99.365197, -2.694065, 5.879056
99.363492, -2.648148, 5.873079
99.361508, -2.602142, 5.865085
99.359251, -2.555616, 5.855346
99.356728, -2.508140, 5.844133
99.353944, -2.459284, 5.831716
99.350906, -2.408618, 5.818366
99.347620, -2.355711, 5.804354
99.344092, -2.300134, 5.789951
99.340328, -2.241455, 5.775426
99.336335, -2.179319, 5.761033
99.332132, -2.114084, 5.746848
99.327741, -2.046515, 5.732847
99.323188, -1.977378, 5.719005
99.318495, -1.907443, 5.705296
99.313687, -1.837478, 5.691697
99.308787, -1.768250, 5.678181
99.303819, -1.700528, 5.664723
99.298808, -1.635080, 5.651300
99.293777, -1.572674, 5.637886
99.288749, -1.513995, 5.624461
99.283739, -1.458880, 5.611067
99.278761, -1.406665, 5.597779
99.273824, -1.356681, 5.584673
99.268942, -1.308259, 5.571827
99.264124, -1.260730, 5.559317
99.259383, -1.213424, 5.547219
99.254731, -1.165673, 5.535609
99.250178, -1.116805, 5.524564
99.245737, -1.066154, 5.514160
99.241416, -1.013095, 5.504478
99.237194, -0.957511, 5.495651
99.233033, -0.899594, 5.487842
99.228893, -0.839540, 5.481215
99.224737, -0.777546, 5.475935
99.220524, -0.713806, 5.472164
99.216216, -0.648517, 5.470068
99.211773, -0.581876, 5.469809
99.207157, -0.514078, 5.471553
99.202329, -0.445319, 5.475463
99.197255, -0.375801, 5.481681
99.191950, -0.305793, 5.490109
99.186463, -0.235605, 5.500491
99.180845, -0.165550, 5.512573
99.175145, -0.095938, 5.526097
99.169412, -0.027080, 5.540807
99.163696, 0.040710, 5.556446
99.158046, 0.107123, 5.572758
99.152512, 0.171846, 5.589486
99.147143, 0.234568, 5.606375
99.141987, 0.295004, 5.623177
99.137054, 0.353197, 5.639766
99.132331, 0.409404, 5.656091
99.127806, 0.463886, 5.672107
99.123466, 0.516906, 5.687766
99.119298, 0.568725, 5.703021
99.115288, 0.619605, 5.717824
99.111426, 0.669808, 5.732128
99.107696, 0.719595, 5.745887
99.104087, 0.769229, 5.759052
99.100582, 0.818968, 5.771570
99.097113, 0.869041, 5.783283
99.093579, 0.919658, 5.793966
99.089877, 0.971026, 5.803392
99.085904, 1.023354, 5.811335
99.081558, 1.076849, 5.817566
99.076737, 1.131720, 5.821860
99.071337, 1.188175, 5.823990
99.065257, 1.246422, 5.823728
99.058393, 1.306669, 5.820847
99.050656, 1.369092, 5.815147
99.042127, 1.433437, 5.806785
99.033007, 1.499142, 5.796172
99.023502, 1.565637, 5.783727
99.013818, 1.632355, 5.769867
99.004160, 1.698724, 5.755010
98.994733, 1.764177, 5.739574
98.985743, 1.828144, 5.723977
98.977395, 1.890056, 5.708637
98.969893, 1.949344, 5.693971
98.963427, 2.005485, 5.680377
98.957924, 2.058617, 5.667941
98.953121, 2.109371, 5.656522
98.948751, 2.158391, 5.645971
98.944546, 2.206319, 5.636143
98.940238, 2.253798, 5.626887
98.935559, 2.301471, 5.618058
98.930242, 2.349981, 5.609507
98.924018, 2.399972, 5.601087
98.916620, 2.452085, 5.592650
98.907796, 2.506929, 5.584057
98.897543, 2.564569, 5.575299
98.886048, 2.624652, 5.566466
98.873505, 2.686811, 5.557653
98.860108, 2.750683, 5.548953
98.846049, 2.815901, 5.540461
98.831523, 2.882102, 5.532269
98.816722, 2.948919, 5.524472
98.801839, 3.015988, 5.517164
98.787069, 3.082944, 5.510439
98.772594, 3.149433, 5.504391
98.758450, 3.215300, 5.499144
98.744549, 3.280548, 5.494846
98.730801, 3.345183, 5.491641
98.717115, 3.409212, 5.489677
98.703401, 3.472643, 5.489101
98.689568, 3.535483, 5.490059
98.675527, 3.597738, 5.492699
98.661187, 3.659417, 5.497166
98.646457, 3.720525, 5.503607
98.631251, 3.781076, 5.512158
98.615543, 3.841172, 5.522760
98.599357, 3.900991, 5.535191
98.582721, 3.960712, 5.549224
98.565660, 4.020517, 5.564634
98.548202, 4.080585, 5.581192
98.530373, 4.141097, 5.598672
98.512200, 4.202232, 5.616848
98.493710, 4.264172, 5.635493
98.474928, 4.327096, 5.654380
98.455883, 4.391168, 5.673278
98.436622, 4.456243, 5.691894
98.417212, 4.521910, 5.709879
98.397719, 4.587747, 5.726881
98.378210, 4.653334, 5.742548
98.358750, 4.718250, 5.756529
98.339406, 4.782072, 5.768474
98.320244, 4.844381, 5.778030
98.301331, 4.904755, 5.784846
98.282734, 4.962773, 5.788571
98.264512, 5.018035, 5.788878
98.246626, 5.070546, 5.785901
98.228939, 5.120681, 5.780196
98.211315, 5.168828, 5.772332
98.193615, 5.215374, 5.762882
98.175702, 5.260706, 5.752413
98.157438, 5.305212, 5.741498
98.138684, 5.349280, 5.730705
98.119304, 5.393298, 5.720606
98.099158, 5.437652, 5.711771
98.078119, 5.482718, 5.704747
98.056265, 5.528634, 5.699605
98.033868, 5.575307, 5.695966
98.011208, 5.622638, 5.693433
97.988564, 5.670529, 5.691611
97.966216, 5.718878, 5.690103
97.944444, 5.767587, 5.688513
97.923528, 5.816556, 5.686444
97.903746, 5.865686, 5.683501
97.885379, 5.914876, 5.679286
97.868691, 5.964029, 5.673418
97.853601, 6.013070, 5.665821
97.839690, 6.061947, 5.656721
97.826526, 6.110610, 5.646357
97.813676, 6.159008, 5.634968
97.800706, 6.207091, 5.622792
97.787183, 6.254808, 5.610068
97.772675, 6.302109, 5.597035
97.756749, 6.348944, 5.583931
97.738971, 6.395261, 5.570996
97.718925, 6.441014, 5.558467
97.696578, 6.486229, 5.546562
97.672289, 6.531009, 5.535481
97.646436, 6.575460, 5.525420
97.619394, 6.619687, 5.516577
97.591542, 6.663796, 5.509150
97.563255, 6.707893, 5.503336
97.534910, 6.752083, 5.499332
97.506885, 6.796473, 5.497337
97.479556, 6.841168, 5.497547
97.453287, 6.886269, 5.500149
97.428103, 6.931749, 5.505021
97.403671, 6.977446, 5.511717
97.379639, 7.023193, 5.519774
97.355657, 7.068820, 5.528731
97.331373, 7.114159, 5.538125
97.306438, 7.159041, 5.547495
97.280499, 7.203299, 5.556377
97.253206, 7.246763, 5.564311
97.224209, 7.289266, 5.570834
97.193166, 7.330646, 5.575498
97.160006, 7.370968, 5.578226
97.124956, 7.410539, 5.579354
97.088258, 7.449680, 5.579238
97.050154, 7.488714, 5.578234
97.010887, 7.527962, 5.576699
96.970699, 7.567745, 5.574988
96.929831, 7.608385, 5.573458
96.888525, 7.650202, 5.572465
96.847025, 7.693519, 5.572366
96.805567, 7.738648, 5.573508
96.764235, 7.785648, 5.575972
96.722940, 7.834288, 5.579534
96.681581, 7.884319, 5.583954
96.640059, 7.935494, 5.588993
96.598273, 7.987566, 5.594410
96.556125, 8.040285, 5.599964
96.513513, 8.093404, 5.605415
96.470339, 8.146676, 5.610524
96.426501, 8.199852, 5.615050
96.381906, 8.252687, 5.618758
96.336592, 8.304989, 5.621599
96.290759, 8.356629, 5.623745
96.244616, 8.407485, 5.625380
96.198375, 8.457433, 5.626689
96.152244, 8.506349, 5.627857
96.106432, 8.554111, 5.629068
96.061150, 8.600593, 5.630506
96.016608, 8.645674, 5.632357
95.973014, 8.689229, 5.634804
95.930574, 8.731138, 5.638029
95.889327, 8.771424, 5.642053
95.849110, 8.810284, 5.646706
95.809745, 8.847924, 5.651805
95.771054, 8.884554, 5.657166
95.732860, 8.920381, 5.662605
95.694986, 8.955612, 5.667939
95.657255, 8.990456, 5.672986
95.619489, 9.025121, 5.677561
95.581510, 9.059813, 5.681482
95.543145, 9.094739, 5.684567
95.504314, 9.129971, 5.686746
95.465062, 9.165419, 5.688093
95.425443, 9.200980, 5.688687
95.385509, 9.236549, 5.688611
95.345313, 9.272024, 5.687946
95.304910, 9.307302, 5.686774
95.264351, 9.342279, 5.685175
95.223689, 9.376852, 5.683232
95.182979, 9.410919, 5.681026
95.142272, 9.444377, 5.678637
95.101587, 9.477200, 5.676147
95.060894, 9.509461, 5.673630
95.020164, 9.541241, 5.671165
94.979364, 9.572620, 5.668827
94.938464, 9.603678, 5.666692
94.897432, 9.634495, 5.664839
94.856237, 9.665153, 5.663342
94.814848, 9.695731, 5.662278
94.773233, 9.726309, 5.661725
94.731361, 9.756968, 5.661756
94.689219, 9.787748, 5.662364
94.646811, 9.818642, 5.663425
94.604149, 9.849634, 5.664807
94.561239, 9.880712, 5.666378
94.518092, 9.911861, 5.668006
94.474715, 9.943069, 5.669559
94.431118, 9.974321, 5.670905
94.387309, 10.005603, 5.671911
94.343298, 10.036904, 5.672446
94.299093, 10.068207, 5.672379
94.254712, 10.099496, 5.671667
94.210189, 10.130747, 5.670389
94.165558, 10.161935, 5.668638
94.120851, 10.193035, 5.666504
94.076104, 10.224022, 5.664077
94.031350, 10.254873, 5.661450
93.986622, 10.285562, 5.658713
93.941955, 10.316064, 5.655956
93.897383, 10.346356, 5.653271
93.852939, 10.376413, 5.650747
93.808630, 10.406222, 5.648407
93.764425, 10.435784, 5.646171
93.720292, 10.465106, 5.643950
93.676195, 10.494192, 5.641656
93.632100, 10.523046, 5.639200
93.587974, 10.551672, 5.636495
93.543782, 10.580076, 5.633453
93.499490, 10.608262, 5.629984
93.455063, 10.636234, 5.626000
93.410470, 10.663997, 5.621416
93.365693, 10.691547, 5.616251
93.320751, 10.718867, 5.610695
93.275661, 10.745939, 5.604951
93.230441, 10.772745, 5.599223
93.185111, 10.799268, 5.593715
93.139689, 10.825489, 5.588632
93.094194, 10.851390, 5.584176
93.048644, 10.876954, 5.580551
93.003058, 10.902162, 5.577961
92.957454, 10.926997, 5.576609
92.911841, 10.951465, 5.576574
92.866211, 10.975609, 5.577735
92.820556, 10.999478, 5.579953
92.774867, 11.023119, 5.583089
92.729136, 11.046580, 5.587004
92.683352, 11.069908, 5.591558
92.637509, 11.093152, 5.596612
92.591595, 11.116358, 5.602027
92.545604, 11.139574, 5.607665
92.499526, 11.162849, 5.613386
92.453339, 11.186214, 5.619092
92.406999, 11.209678, 5.624753
92.360461, 11.233245, 5.630348
92.313679, 11.256921, 5.635853
92.266607, 11.280712, 5.641245
92.219200, 11.304622, 5.646502
92.171410, 11.328657, 5.651601
92.123194, 11.352822, 5.656519
92.074505, 11.377122, 5.661234
92.025297, 11.401563, 5.665722
91.975584, 11.426123, 5.669927
91.925481, 11.450729, 5.673731
91.875112, 11.475309, 5.677011
91.824603, 11.499785, 5.679644
91.774080, 11.524083, 5.681507
91.723668, 11.548128, 5.682475
91.673493, 11.571843, 5.682427
91.623679, 11.595154, 5.681238
91.574352, 11.617986, 5.678786
91.525637, 11.640263, 5.674948
91.477570, 11.661952, 5.669742
91.430020, 11.683099, 5.663440
91.382843, 11.703755, 5.656344
91.335891, 11.723975, 5.648754
91.289018, 11.743811, 5.640971
91.242077, 11.763315, 5.633296
91.194922, 11.782542, 5.626029
91.147406, 11.801544, 5.619473
91.099382, 11.820374, 5.613926
91.050706, 11.839085, 5.609690
91.001332, 11.857705, 5.606917
90.951412, 11.876217, 5.605483
90.901121, 11.894598, 5.605231
90.850630, 11.912826, 5.606004
90.800114, 11.930876, 5.607644
90.749747, 11.948727, 5.609994
90.699700, 11.966355, 5.612897
90.650149, 11.983738, 5.616197
90.601267, 12.000853, 5.619736
90.553226, 12.017676, 5.623357
90.506022, 12.034233, 5.626919
90.459301, 12.050641, 5.630314
90.412668, 12.067028, 5.633436
90.365726, 12.083522, 5.636181
90.318079, 12.100253, 5.638444
90.269330, 12.117348, 5.640119
90.219085, 12.134937, 5.641102
90.166946, 12.153147, 5.641288
90.112517, 12.172108, 5.640572
90.055405, 12.191947, 5.638849
89.995510, 12.212674, 5.636077
89.933351, 12.234054, 5.632345
89.869523, 12.255821, 5.627758
89.804624, 12.277710, 5.622421
89.739248, 12.299453, 5.616439
89.673991, 12.320787, 5.609916
89.609449, 12.341444, 5.602957
89.546217, 12.361158, 5.595667
89.484893, 12.379664, 5.588152
89.426069, 12.396697, 5.580516
89.370069, 12.412146, 5.572892
89.316624, 12.426239, 5.565470
89.265387, 12.439245, 5.558449
89.216012, 12.451437, 5.552028
89.168152, 12.463084, 5.546407
89.121461, 12.474459, 5.541783
89.075592, 12.485833, 5.538356
89.030198, 12.497475, 5.536324
88.984934, 12.509658, 5.535887
88.939453, 12.522652, 5.537243
88.893508, 12.536581, 5.540476
88.847073, 12.551242, 5.545413
88.800155, 12.566383, 5.551847
88.752760, 12.581754, 5.559567
88.704896, 12.597106, 5.568366
88.656566, 12.612187, 5.578035
88.607779, 12.626749, 5.588366
88.558541, 12.640539, 5.599149
88.508857, 12.653309, 5.610177
88.458734, 12.664808, 5.621240
88.408201, 12.674914, 5.632160
88.357340, 12.683810, 5.642823
88.306243, 12.691721, 5.653128
88.255000, 12.698874, 5.662973
88.203702, 12.705494, 5.672257
88.152439, 12.711807, 5.680876
88.101301, 12.718039, 5.688728
88.050381, 12.724415, 5.695713
87.999767, 12.731161, 5.701727
87.949550, 12.738504, 5.706669
87.899772, 12.746581, 5.710527
87.850352, 12.755316, 5.713513
87.801190, 12.764598, 5.715873
87.752187, 12.774319, 5.717850
87.703243, 12.784369, 5.719691
87.654260, 12.794637, 5.721641
87.605137, 12.805015, 5.723946
87.555776, 12.815394, 5.726849
87.506077, 12.825662, 5.730597
87.455941, 12.835711, 5.735435
87.405304, 12.845464, 5.741410
87.354201, 12.854924, 5.748067
87.302679, 12.864110, 5.754867
87.250785, 12.873039, 5.761275
87.198568, 12.881729, 5.766752
87.146075, 12.890197, 5.770762
87.093353, 12.898461, 5.772766
87.040451, 12.906539, 5.772229
86.987417, 12.914449, 5.768613
86.934298, 12.922208, 5.761381
86.881137, 12.929835, 5.750289
86.827965, 12.937350, 5.735880
86.774809, 12.944775, 5.718828
86.721697, 12.952131, 5.699805
86.668658, 12.959439, 5.679485
86.615720, 12.966720, 5.658542
86.562910, 12.973996, 5.637650
86.510256, 12.981288, 5.617482
86.457787, 12.988617, 5.598711
86.405531, 12.996004, 5.582011
86.353495, 13.003463, 5.567862
86.301630, 13.010986, 5.556201
86.249875, 13.018560, 5.546871
86.198173, 13.026174, 5.539714
86.146462, 13.033816, 5.534573
86.094684, 13.041474, 5.531292
86.042778, 13.049137, 5.529712
85.990686, 13.056792, 5.529677
85.938348, 13.064427, 5.531028
85.885704, 13.072030, 5.533610
85.832677, 13.079592, 5.537227
85.779137, 13.087109, 5.541577
85.724944, 13.094578, 5.546339
85.669960, 13.101995, 5.551190
85.614044, 13.109358, 5.555809
85.557058, 13.116664, 5.559873
85.498863, 13.123911, 5.563061
85.439318, 13.131094, 5.565050
85.378284, 13.138212, 5.565519
85.315623, 13.145262, 5.564146
85.251316, 13.152232, 5.560806
85.185720, 13.159090, 5.555984
85.119261, 13.165798, 5.550277
85.052366, 13.172318, 5.544285
84.985463, 13.178612, 5.538606
84.918978, 13.184642, 5.533838
84.853339, 13.190371, 5.530582
84.788971, 13.195761, 5.529435
84.726303, 13.200774, 5.530997
84.665761, 13.205372, 5.535865
84.607616, 13.209538, 5.544413
84.551634, 13.213324, 5.556285
84.497483, 13.216793, 5.570983
84.444830, 13.220009, 5.588008
84.393343, 13.223036, 5.606860
84.342688, 13.225938, 5.627041
84.292533, 13.228780, 5.648051
84.242545, 13.231626, 5.669392
84.192391, 13.234538, 5.690563
84.141739, 13.237583, 5.711067
84.090342, 13.240804, 5.730445
84.038241, 13.244181, 5.748377
83.985540, 13.247682, 5.764570
83.932340, 13.251274, 5.778733
83.878744, 13.254924, 5.790574
83.824853, 13.258598, 5.799802
83.770771, 13.262264, 5.806123
83.716598, 13.265889, 5.809248
83.662438, 13.269439, 5.808882
83.608393, 13.272882, 5.804736
83.554537, 13.276193, 5.796697
83.500848, 13.279374, 5.785291
83.447280, 13.282435, 5.771180
83.393792, 13.285385, 5.755026
83.340338, 13.288234, 5.737492
83.286876, 13.290991, 5.719240
83.233360, 13.293664, 5.700933
83.179748, 13.296264, 5.683233
83.125994, 13.298799, 5.666804
83.072056, 13.301279, 5.652307
83.017918, 13.303712, 5.640212
82.963664, 13.306101, 5.630286
82.909406, 13.308451, 5.622134
82.855252, 13.310763, 5.615360
82.801312, 13.313042, 5.609569
82.747695, 13.315289, 5.604368
82.694511, 13.317509, 5.599360
82.641868, 13.319704, 5.594151
82.589877, 13.321878, 5.588345
82.538647, 13.324033, 5.581549
82.488205, 13.326171, 5.573502
82.438257, 13.328286, 5.564464
82.388437, 13.330370, 5.554818
82.338376, 13.332417, 5.544947
82.287706, 13.334417, 5.535236
82.236060, 13.336365, 5.526068
82.183070, 13.338252, 5.517826
82.128367, 13.340071, 5.510893
82.071584, 13.341815, 5.505653
82.012352, 13.343475, 5.502489
81.950460, 13.345048, 5.501692
81.886320, 13.346539, 5.503180
81.820500, 13.347955, 5.506778
81.753569, 13.349307, 5.512311
81.686094, 13.350601, 5.519603
81.618644, 13.351846, 5.528482
81.551788, 13.353052, 5.538770
81.486092, 13.354225, 5.550293
81.422126, 13.355374, 5.562877
81.360458, 13.356508, 5.576347
81.301511, 13.357633, 5.590502
81.245098, 13.358750, 5.605038
81.190876, 13.359859, 5.619623
81.138499, 13.360957, 5.633924
81.087623, 13.362044, 5.647611
81.037903, 13.363119, 5.660351
80.988994, 13.364181, 5.671811
80.940552, 13.365229, 5.681660
80.892231, 13.366261, 5.689566
80.843688, 13.367277, 5.695197
80.794631, 13.368275, 5.698338
80.745004, 13.369254, 5.699291
80.694818, 13.370213, 5.698497
80.644081, 13.371151, 5.696398
80.592802, 13.372065, 5.693436
80.540990, 13.372954, 5.690052
80.488655, 13.373817, 5.686689
80.435806, 13.374652, 5.683788
80.382452, 13.375459, 5.681790
80.328602, 13.376234, 5.681139
80.274282, 13.376979, 5.682149
80.219596, 13.377693, 5.684557
80.164670, 13.378380, 5.687938
80.109631, 13.379043, 5.691864
80.054603, 13.379684, 5.695907
79.999714, 13.380304, 5.699640
79.945089, 13.380908, 5.702637
79.890854, 13.381497, 5.704469
79.837136, 13.382074, 5.704710
79.784060, 13.382641, 5.702933
79.731713, 13.383200, 5.698834
79.679988, 13.383753, 5.692704
79.628723, 13.384300, 5.685010
79.577754, 13.384840, 5.676220
79.526919, 13.385374, 5.666802
79.476054, 13.385903, 5.657224
79.424996, 13.386426, 5.647953
79.373582, 13.386944, 5.639457
79.321649, 13.387458, 5.632205
79.269034, 13.387967, 5.626663
79.215623, 13.388471, 5.623166
79.161546, 13.388968, 5.621381
79.107011, 13.389457, 5.620764
79.052227, 13.389934, 5.620775
78.997399, 13.390396, 5.620869
78.942736, 13.390842, 5.620506
78.888446, 13.391268, 5.619142
78.834735, 13.391673, 5.616235
78.781812, 13.392053, 5.611243
78.729883, 13.392406, 5.603623
78.679075, 13.392730, 5.593003
78.629085, 13.393029, 5.579907
78.579469, 13.393306, 5.565149
78.529784, 13.393567, 5.549544
78.479586, 13.393815, 5.533906
78.428433, 13.394056, 5.519050
78.375882, 13.394294, 5.505792
78.321488, 13.394533, 5.494946
78.264810, 13.394777, 5.487326
78.205402, 13.395032, 5.483749
78.142963, 13.395301, 5.484837
78.077956, 13.395580, 5.490175
78.011104, 13.395866, 5.498990
77.943133, 13.396154, 5.510509
77.874768, 13.396439, 5.523960
77.806734, 13.396716, 5.538569
77.739754, 13.396980, 5.553564
77.674555, 13.397228, 5.568172
77.611862, 13.397453, 5.581621
77.552398, 13.397653, 5.593137
77.496715, 13.397822, 5.602074
77.444374, 13.397963, 5.608503
77.394579, 13.398081, 5.612750
77.346536, 13.398178, 5.615146
77.299449, 13.398260, 5.616016
77.252524, 13.398330, 5.615690
77.204966, 13.398393, 5.614495
77.155979, 13.398452, 5.612758
77.104769, 13.398513, 5.610809
77.050541, 13.398578, 5.608974
76.992659, 13.398651, 5.607550
76.931438, 13.398733, 5.606642
76.867550, 13.398822, 5.606284
76.801664, 13.398917, 5.606508
76.734453, 13.399016, 5.607349
76.666586, 13.399119, 5.608841
76.598736, 13.399222, 5.611017
76.531572, 13.399327, 5.613910
76.465766, 13.399430, 5.617555
76.401989, 13.399531, 5.621985
76.340809, 13.399628, 5.627214
76.282150, 13.399721, 5.633130
76.225687, 13.399810, 5.639576
76.171091, 13.399894, 5.646392
76.118036, 13.399972, 5.653418
76.066195, 13.400045, 5.660496
76.015240, 13.400111, 5.667466
75.964846, 13.400172, 5.674170
75.914685, 13.400225, 5.680448
75.864430, 13.400271, 5.686140
75.813794, 13.400310, 5.691112
75.762755, 13.400341, 5.695382
75.711396, 13.400366, 5.699032
75.659802, 13.400384, 5.702146
75.608058, 13.400395, 5.704804
75.556247, 13.400401, 5.707090
75.504456, 13.400401, 5.709085
75.452767, 13.400397, 5.710872
75.401266, 13.400387, 5.712532
75.350037, 13.400373, 5.714149
75.299146, 13.400356, 5.715792
75.248533, 13.400334, 5.717444
75.198084, 13.400309, 5.719052
75.147685, 13.400279, 5.720562
75.097222, 13.400246, 5.721922
75.046581, 13.400210, 5.723077
74.995649, 13.400170, 5.723975
74.944310, 13.400126, 5.724562
74.892451, 13.400079, 5.724785
74.839957, 13.400028, 5.724589
74.786743, 13.399974, 5.723926
74.732912, 13.399917, 5.722769
74.678654, 13.399856, 5.721099
74.624160, 13.399793, 5.718901
74.569621, 13.399726, 5.716158
74.515226, 13.399657, 5.712853
74.461165, 13.399585, 5.708969
74.407631, 13.399511, 5.704490
74.354812, 13.399434, 5.699399
74.302898, 13.399355, 5.693678
74.252035, 13.399273, 5.687320
74.202015, 13.399189, 5.680374
74.152470, 13.399102, 5.672916
74.103029, 13.399010, 5.665024
74.053325, 13.398914, 5.656774
74.002986, 13.398812, 5.648243
73.951645, 13.398704, 5.639508
73.898931, 13.398589, 5.630647
73.844475, 13.398466, 5.621735
73.787909, 13.398335, 5.612850
73.728908, 13.398196, 5.604071
73.667531, 13.398047, 5.595499
73.604011, 13.397890, 5.587245
73.538589, 13.397726, 5.579419
73.471501, 13.397553, 5.572133
73.402984, 13.397374, 5.565497
73.333277, 13.397188, 5.559621
73.262618, 13.396997, 5.554618
73.191243, 13.396799, 5.550597
73.119391, 13.396596, 5.547669
73.047304, 13.396389, 5.545928
72.975264, 13.396178, 5.545324
72.903572, 13.395964, 5.545735
72.832530, 13.395748, 5.547038
72.762439, 13.395531, 5.549110
72.693602, 13.395314, 5.551829
72.626319, 13.395099, 5.555072
72.560893, 13.394886, 5.558716
72.497624, 13.394676, 5.562639
72.436816, 13.394471, 5.566717
72.378722, 13.394271, 5.570846
72.323184, 13.394077, 5.575064
72.269833, 13.393889, 5.579487
72.218293, 13.393709, 5.584229
72.168192, 13.393536, 5.589408
72.119155, 13.393371, 5.595139
72.070810, 13.393215, 5.601537
72.022783, 13.393069, 5.608718
71.974700, 13.392932, 5.616798
71.926187, 13.392805, 5.625894
71.876902, 13.392689, 5.636093
71.826787, 13.392582, 5.647244
71.775935, 13.392481, 5.659059
71.724444, 13.392385, 5.671252
71.672410, 13.392290, 5.683535
71.619930, 13.392195, 5.695622
71.567101, 13.392095, 5.707226
71.514019, 13.391990, 5.718059
71.460781, 13.391876, 5.727835
71.407484, 13.391751, 5.736266
71.354218, 13.391613, 5.743090
71.301029, 13.391461, 5.748281
71.247934, 13.391299, 5.751948
71.194948, 13.391127, 5.754201
71.142090, 13.390948, 5.755149
71.089375, 13.390763, 5.754903
71.036821, 13.390574, 5.753573
70.984445, 13.390384, 5.751268
70.932263, 13.390194, 5.748099
70.880293, 13.390005, 5.744176
70.828550, 13.389821, 5.739611
70.777051, 13.389640, 5.734559
70.725813, 13.389461, 5.729192
70.674850, 13.389285, 5.723687
70.624179, 13.389109, 5.718217
70.573815, 13.388933, 5.712959
70.523773, 13.388757, 5.708086
70.474071, 13.388578, 5.703775
70.424723, 13.388397, 5.700199
70.375746, 13.388212, 5.697534
70.327137, 13.388022, 5.695918
70.278696, 13.387830, 5.695096
70.230105, 13.387636, 5.694573
70.181041, 13.387443, 5.693848
70.131185, 13.387254, 5.692422
70.080214, 13.387071, 5.689795
70.027807, 13.386897, 5.685469
69.973644, 13.386733, 5.678942
69.917402, 13.386583, 5.669717
69.858761, 13.386448, 5.657293
69.797446, 13.386330, 5.641245
69.733719, 13.386227, 5.621998
69.668179, 13.386133, 5.600517
69.601435, 13.386042, 5.577777
69.534093, 13.385950, 5.554751
69.466759, 13.385849, 5.532415
69.400041, 13.385736, 5.511743
69.334546, 13.385603, 5.493708
69.270879, 13.385445, 5.479286
69.209649, 13.385258, 5.469449
69.151411, 13.385035, 5.465097
69.096119, 13.384777, 5.466191
69.043326, 13.384489, 5.472080
68.992576, 13.384175, 5.482099
68.943415, 13.383841, 5.495582
68.895389, 13.383491, 5.511866
68.848044, 13.383129, 5.530286
68.800924, 13.382761, 5.550177
68.753577, 13.382390, 5.570874
68.705546, 13.382022, 5.591713
68.656405, 13.381662, 5.612056
68.606087, 13.381311, 5.631594
68.554770, 13.380972, 5.650249
68.502636, 13.380646, 5.667944
68.449869, 13.380335, 5.684605
68.396653, 13.380040, 5.700156
68.343169, 13.379763, 5.714522
68.289602, 13.379506, 5.727629
68.236135, 13.379271, 5.739400
68.182951, 13.379058, 5.749762
68.130223, 13.378869, 5.758646
68.077992, 13.378703, 5.766097
68.026205, 13.378554, 5.772240
67.974807, 13.378418, 5.777200
67.923740, 13.378292, 5.781103
67.872950, 13.378170, 5.784076
67.822381, 13.378048, 5.786243
67.771977, 13.377921, 5.787731
67.721682, 13.377785, 5.788665
67.671441, 13.377636, 5.789172
67.621198, 13.377470, 5.789367
67.570903, 13.377284, 5.789207
67.520509, 13.377082, 5.788532
67.469970, 13.376864, 5.787179
67.419238, 13.376633, 5.784988
67.368268, 13.376389, 5.781794
67.317012, 13.376135, 5.777436
67.265425, 13.375872, 5.771751
67.213459, 13.375602, 5.764576
67.161068, 13.375326, 5.755750
67.108211, 13.375046, 5.745129
67.054945, 13.374766, 5.732884
67.001400, 13.374489, 5.719427
66.947709, 13.374220, 5.705174
66.894005, 13.373963, 5.690545
66.840419, 13.373722, 5.675955
66.787086, 13.373502, 5.661824
66.734136, 13.373306, 5.648569
66.681704, 13.373140, 5.636607
66.629922, 13.373007, 5.626357
66.578905, 13.372911, 5.618209
66.528502, 13.372847, 5.612135
66.478348, 13.372803, 5.607761
66.428069, 13.372768, 5.604709
66.377293, 13.372728, 5.602598
66.325646, 13.372673, 5.601046
66.272757, 13.372589, 5.599674
66.218253, 13.372466, 5.598101
66.161760, 13.372289, 5.595946
66.102906, 13.372049, 5.592829
66.041348, 13.371732, 5.588394
65.977233, 13.371344, 5.582705
65.911121, 13.370899, 5.576176
65.843586, 13.370413, 5.569234
65.775201, 13.369902, 5.562306
65.706539, 13.369383, 5.555818
65.638174, 13.368871, 5.550196
65.570678, 13.368382, 5.545867
65.504625, 13.367933, 5.543257
65.440588, 13.367540, 5.542793
65.379115, 13.367217, 5.544875
65.320288, 13.366967, 5.549442
65.263786, 13.366781, 5.556030
65.209273, 13.366649, 5.564161
65.156411, 13.366563, 5.573356
65.104865, 13.366511, 5.583139
65.054300, 13.366485, 5.593030
65.004378, 13.366475, 5.602551
64.954764, 13.366473, 5.611226
64.905121, 13.366467, 5.618574
64.855124, 13.366449, 5.624141
64.804634, 13.366416, 5.627879
64.753685, 13.366368, 5.630113
64.702314, 13.366306, 5.631182
64.650562, 13.366232, 5.631425
64.598467, 13.366146, 5.631181
64.546068, 13.366051, 5.630788
64.493405, 13.365948, 5.630586
64.440517, 13.365837, 5.630913
64.387441, 13.365719, 5.632108
64.334218, 13.365597, 5.634496
64.280875, 13.365471, 5.638117
64.227431, 13.365341, 5.642742
64.173903, 13.365207, 5.648133
64.120310, 13.365070, 5.654050
64.066668, 13.364930, 5.660254
64.012997, 13.364787, 5.666505
63.959314, 13.364641, 5.672565
63.905638, 13.364492, 5.678194
63.851985, 13.364342, 5.683153
63.798375, 13.364190, 5.687212
63.744855, 13.364036, 5.690346
63.691497, 13.363882, 5.692727
63.638377, 13.363729, 5.694540
63.585568, 13.363576, 5.695966
63.533145, 13.363426, 5.697188
63.481181, 13.363279, 5.698390
63.429752, 13.363136, 5.699752
63.378931, 13.362998, 5.701459
63.328793, 13.362865, 5.703692
63.279402, 13.362738, 5.706625
63.230582, 13.362618, 5.710188
63.181910, 13.362500, 5.714069
63.132956, 13.362385, 5.717942
63.083285, 13.362268, 5.721483
63.032465, 13.362148, 5.724368
62.980065, 13.362022, 5.726271
62.925650, 13.361889, 5.726867
62.868788, 13.361746, 5.725833
62.809048, 13.361591, 5.722843
62.746018, 13.361422, 5.717586
62.679861, 13.361238, 5.710093
62.611349, 13.361042, 5.700755
62.541281, 13.360837, 5.689983
62.470457, 13.360624, 5.678187
62.399678, 13.360407, 5.665777
62.329743, 13.360188, 5.653163
62.261452, 13.359970, 5.640754
62.195606, 13.359754, 5.628961
62.133004, 13.359543, 5.618194
62.074418, 13.359340, 5.608854
62.019851, 13.359148, 5.601109
61.968453, 13.358966, 5.594872
61.919335, 13.358798, 5.590038
61.871603, 13.358644, 5.586507
61.824368, 13.358507, 5.584175
61.776737, 13.358388, 5.582942
61.727819, 13.358289, 5.582704
61.676723, 13.358210, 5.583360
61.622557, 13.358155, 5.584806
61.564455, 13.358124, 5.586942
61.502327, 13.358114, 5.589649
61.436965, 13.358116, 5.592796
61.369215, 13.358118, 5.596250
61.299920, 13.358111, 5.599876
61.229923, 13.358086, 5.603541
61.160067, 13.358032, 5.607113
61.091197, 13.357940, 5.610457
61.024155, 13.357800, 5.613441
60.959785, 13.357601, 5.615930
60.898912, 13.357334, 5.617796
60.841741, 13.357000, 5.619021
60.787740, 13.356611, 5.619722
60.736333, 13.356182, 5.620024
60.686945, 13.355727, 5.620052
60.639001, 13.355259, 5.619933
60.591926, 13.354791, 5.619790
60.545143, 13.354338, 5.619748
60.498079, 13.353913, 5.619934
60.450156, 13.353530, 5.620472
60.400812, 13.353203, 5.621484
60.349843, 13.352936, 5.623013
60.297498, 13.352722, 5.625000
60.244055, 13.352552, 5.627378
60.189789, 13.352420, 5.630083
60.134978, 13.352317, 5.633049
60.079897, 13.352236, 5.636211
60.024825, 13.352169, 5.639503
59.970036, 13.352109, 5.642861
59.915809, 13.352046, 5.646218
59.862414, 13.351975, 5.649511
59.809939, 13.351890, 5.652721
59.758232, 13.351794, 5.655885
59.707126, 13.351688, 5.659048
59.656453, 13.351575, 5.662250
59.606047, 13.351455, 5.665535
59.555740, 13.351330, 5.668945
59.505365, 13.351203, 5.672523
59.454754, 13.351075, 5.676311
59.403741, 13.350948, 5.680351
59.352160, 13.350823, 5.684685
59.299960, 13.350702, 5.689239
59.247236, 13.350582, 5.693795
59.194097, 13.350464, 5.698121
59.140649, 13.350346, 5.701988
59.087001, 13.350227, 5.705164
59.033260, 13.350106, 5.707419
58.979533, 13.349983, 5.708523
58.925927, 13.349855, 5.708246
58.872551, 13.349722, 5.706355
58.819510, 13.349584, 5.702627
58.766850, 13.349440, 5.697057
58.714530, 13.349293, 5.689952
58.662504, 13.349147, 5.681641
58.610726, 13.349006, 5.672454
58.559149, 13.348871, 5.662719
58.507728, 13.348746, 5.652768
58.456415, 13.348635, 5.642928
58.405165, 13.348540, 5.633529
58.353932, 13.348464, 5.624901
58.302668, 13.348412, 5.617370
58.251338, 13.348380, 5.611122
58.199919, 13.348362, 5.606136
58.148390, 13.348349, 5.602375
58.096728, 13.348334, 5.599805
58.044914, 13.348307, 5.598387
57.992924, 13.348260, 5.598087
57.940738, 13.348186, 5.598867
57.888335, 13.348077, 5.600692
57.835692, 13.347923, 5.603525
57.782789, 13.347716, 5.607328
57.729660, 13.347457, 5.611947
57.676422, 13.347156, 5.617055
57.623196, 13.346824, 5.622311
57.570107, 13.346472, 5.627374
57.517277, 13.346112, 5.631901
57.464828, 13.345755, 5.635551
57.412884, 13.345413, 5.637982
57.361568, 13.345097, 5.638854
57.311002, 13.344819, 5.637825
57.261307, 13.344590, 5.634557
57.212410, 13.344413, 5.629029
57.163941, 13.344279, 5.621709
57.115499, 13.344179, 5.613111
57.066687, 13.344103, 5.603748
57.017106, 13.344040, 5.594132
56.966358, 13.343981, 5.584775
56.914045, 13.343915, 5.576192
56.859767, 13.343833, 5.568894
56.803127, 13.343725, 5.563394
56.743731, 13.343580, 5.560202
56.681558, 13.343395, 5.559580
56.617195, 13.343176, 5.561387
56.551286, 13.342929, 5.565442
56.484475, 13.342660, 5.571568
56.417403, 13.342377, 5.579585
56.350716, 13.342085, 5.589314
56.285055, 13.341791, 5.600577
56.221066, 13.341502, 5.613195
56.159390, 13.341224, 5.626987
56.100665, 13.340963, 5.641776
56.045060, 13.340723, 5.657263
55.991947, 13.340501, 5.672956
55.940616, 13.340293, 5.688344
55.890363, 13.340095, 5.702915
55.840480, 13.339904, 5.716156
55.790261, 13.339716, 5.727557
55.738997, 13.339528, 5.736604
55.685983, 13.339335, 5.742787
55.630512, 13.339135, 5.745592
55.571882, 13.338923, 5.744515
55.509877, 13.338699, 5.739508
55.445138, 13.338464, 5.731343
55.378395, 13.338223, 5.720874
55.310379, 13.337979, 5.708957
55.241819, 13.337734, 5.696445
55.173445, 13.337492, 5.684194
55.105989, 13.337256, 5.673059
55.040178, 13.337029, 5.663893
54.976744, 13.336815, 5.657552
54.916412, 13.336616, 5.654885
54.859461, 13.336434, 5.656169
54.805345, 13.336266, 5.660630
54.753428, 13.336109, 5.667375
54.703074, 13.335960, 5.675516
54.653650, 13.335816, 5.684163
54.604518, 13.335673, 5.692425
54.555045, 13.335529, 5.699413
54.504595, 13.335381, 5.704237
54.452533, 13.335225, 5.706007
54.398225, 13.335059, 5.703837
54.341340, 13.334880, 5.697350
54.282123, 13.334691, 5.687145
54.220885, 13.334492, 5.673935
54.157936, 13.334286, 5.658429
54.093586, 13.334074, 5.641339
54.028148, 13.333858, 5.623376
53.961931, 13.333639, 5.605250
53.895246, 13.333419, 5.587672
53.828404, 13.333200, 5.571353
53.761715, 13.332983, 5.557002
53.695362, 13.332769, 5.545097
53.629279, 13.332558, 5.535647
53.563367, 13.332350, 5.528608
53.497530, 13.332143, 5.523936
53.431670, 13.331937, 5.521586
53.365688, 13.331731, 5.521513
53.299488, 13.331525, 5.523673
53.232972, 13.331318, 5.528020
53.166043, 13.331110, 5.534511
53.098603, 13.330900, 5.543099
53.030678, 13.330687, 5.553645
52.962547, 13.330475, 5.565807
52.894520, 13.330263, 5.579220
52.826909, 13.330053, 5.593520
52.760023, 13.329848, 5.608339
52.694175, 13.329648, 5.623313
52.629674, 13.329456, 5.638077
52.566831, 13.329272, 5.652265
52.505958, 13.329098, 5.665511
52.447363, 13.328936, 5.677451
52.391180, 13.328787, 5.687864
52.337150, 13.328647, 5.696836
52.284967, 13.328516, 5.704499
52.234323, 13.328391, 5.710982
52.184910, 13.328269, 5.716414
52.136421, 13.328148, 5.720926
52.088549, 13.328026, 5.724645
52.040985, 13.327901, 5.727703
51.993422, 13.327771, 5.730228
51.945554, 13.327633, 5.732350
51.897172, 13.327486, 5.734150
51.848294, 13.327331, 5.735598
51.798969, 13.327170, 5.736651
51.749247, 13.327005, 5.737263
51.699177, 13.326836, 5.737390
51.648807, 13.326666, 5.736987
51.598187, 13.326496, 5.736010
51.547365, 13.326328, 5.734415
51.496391, 13.326163, 5.732157
51.445314, 13.326002, 5.729191
51.394177, 13.325848, 5.725514
51.343007, 13.325698, 5.721217
51.291830, 13.325554, 5.716402
51.240671, 13.325413, 5.711176
51.189558, 13.325277, 5.705642
51.138514, 13.325143, 5.699904
51.087566, 13.325013, 5.694068
51.036739, 13.324884, 5.688237
50.986060, 13.324757, 5.682517
50.935553, 13.324631, 5.677011
50.885229, 13.324506, 5.671772
50.835057, 13.324380, 5.666732
50.785001, 13.324254, 5.661799
50.735024, 13.324127, 5.656884
50.685092, 13.323998, 5.651899
50.635167, 13.323867, 5.646753
50.585213, 13.323733, 5.641357
50.535194, 13.323595, 5.635622
50.485075, 13.323453, 5.629457
50.434818, 13.323307, 5.622775
50.384414, 13.323156, 5.615562
50.333916, 13.323001, 5.608010
50.283388, 13.322843, 5.600341
50.232897, 13.322684, 5.592775
50.182505, 13.322524, 5.585536
50.132277, 13.322365, 5.578845
50.082279, 13.322207, 5.572923
50.032574, 13.322053, 5.567994
49.983228, 13.321902, 5.564279
49.934304, 13.321756, 5.561999
49.885769, 13.321616, 5.561307
49.837326, 13.321480, 5.562164
49.788633, 13.321347, 5.564504
49.739349, 13.321215, 5.568256
49.689133, 13.321083, 5.573353
49.637644, 13.320949, 5.579726
49.584540, 13.320811, 5.587306
49.529480, 13.320669, 5.596025
49.472123, 13.320520, 5.605815
49.412128, 13.320364, 5.616606
49.349380, 13.320199, 5.628281
49.284397, 13.320027, 5.640583
49.217809, 13.319850, 5.653231
49.150244, 13.319670, 5.665944
49.082332, 13.319489, 5.678441
49.014701, 13.319309, 5.690441
48.947982, 13.319132, 5.701664
48.882802, 13.318961, 5.711829
48.819792, 13.318796, 5.720654
48.759579, 13.318640, 5.727859
48.702537, 13.318495, 5.733281
48.648289, 13.318358, 5.737106
48.596321, 13.318227, 5.739584
48.546120, 13.318102, 5.740963
48.497172, 13.317979, 5.741492
48.448962, 13.317857, 5.741420
48.400977, 13.317734, 5.740996
48.352704, 13.317608, 5.740469
48.303629, 13.317476, 5.740089
48.253237, 13.317338, 5.740104
48.201201, 13.317191, 5.740666
48.147763, 13.317037, 5.741628
48.093274, 13.316879, 5.742788
48.038083, 13.316718, 5.743942
47.982542, 13.316556, 5.744888
47.927001, 13.316395, 5.745422
47.871810, 13.316237, 5.745341
47.817320, 13.316083, 5.744442
47.763881, 13.315937, 5.742522
47.711844, 13.315799, 5.739378
47.661392, 13.315671, 5.734895
47.612167, 13.315552, 5.729236
47.563709, 13.315438, 5.722624
47.515553, 13.315327, 5.715280
47.467236, 13.315218, 5.707423
47.418296, 13.315108, 5.699275
47.368269, 13.314995, 5.691056
47.316693, 13.314876, 5.682989
47.263104, 13.314749, 5.675293
47.207039, 13.314612, 5.668189
47.148206, 13.314464, 5.661819
47.086875, 13.314305, 5.656059
47.023437, 13.314137, 5.650729
46.958284, 13.313962, 5.645649
46.891806, 13.313780, 5.640639
46.824394, 13.313594, 5.635520
46.756438, 13.313404, 5.630113
46.688329, 13.313213, 5.624236
46.620457, 13.313022, 5.617711
46.553214, 13.312833, 5.610358
46.486884, 13.312646, 5.602122
46.421383, 13.312462, 5.593385
46.356547, 13.312279, 5.584622