
46.292210, 13.312096, 5.576311
46.228208, 13.311915, 5.568928
46.164376, 13.311733, 5.562951
46.100549, 13.311550, 5.558855
46.036562, 13.311365, 5.557118
45.972251, 13.311178, 5.558216
45.907450, 13.310988, 5.562627
45.842035, 13.310795, 5.570611
45.776026, 13.310599, 5.581651
45.709477, 13.310401, 5.595046
45.642441, 13.310200, 5.610096
45.574972, 13.309997, 5.626104
45.507123, 13.309794, 5.642370
45.438948, 13.309590, 5.658194
45.370500, 13.309386, 5.672878
45.301834, 13.309182, 5.685722
45.233003, 13.308979, 5.696027
45.164094, 13.308777, 5.703276
45.095319, 13.308577, 5.707652
45.026923, 13.308380, 5.709500
44.959148, 13.308187, 5.709171
44.892239, 13.307998, 5.707011
44.826438, 13.307813, 5.703368
44.761990, 13.307634, 5.698592
44.699137, 13.307462, 5.693029
44.638124, 13.307296, 5.687027
44.579193, 13.307138, 5.680936
44.522507, 13.306989, 5.675060
44.467902, 13.306847, 5.669537
44.415132, 13.306711, 5.664463
44.363951, 13.306580, 5.659934
44.314115, 13.306453, 5.656045
44.265378, 13.306329, 5.652892
44.217493, 13.306207, 5.650571
44.170217, 13.306086, 5.649177
44.123302, 13.305964, 5.648805
44.076505, 13.305840, 5.649552
44.029587, 13.305715, 5.651434
43.982351, 13.305586, 5.654137
43.934607, 13.305456, 5.657263
43.886168, 13.305322, 5.660411
43.836842, 13.305187, 5.663181
43.786443, 13.305049, 5.665174
43.734781, 13.304909, 5.665990
43.681667, 13.304767, 5.665230
43.626911, 13.304622, 5.662493
43.570327, 13.304476, 5.657381
43.511777, 13.304328, 5.649665
43.451363, 13.304178, 5.639874
43.389249, 13.304024, 5.628743
43.325600, 13.303866, 5.617008
43.260581, 13.303704, 5.605402
43.194358, 13.303537, 5.594660
43.127093, 13.303364, 5.585518
43.058953, 13.303185, 5.578710
42.990102, 13.302998, 5.574971
42.920705, 13.302804, 5.575036
42.850944, 13.302602, 5.579424
42.781085, 13.302394, 5.587663
42.711417, 13.302183, 5.599000
42.642227, 13.301971, 5.612683
42.573804, 13.301760, 5.627956
42.506436, 13.301554, 5.644067
42.440413, 13.301354, 5.660262
42.376022, 13.301164, 5.675788
42.313553, 13.300986, 5.689890
42.253293, 13.300822, 5.701816
42.195448, 13.300675, 5.710964
42.139827, 13.300542, 5.717465
42.086122, 13.300423, 5.721666
42.034022, 13.300315, 5.723915
41.983219, 13.300216, 5.724561
41.933403, 13.300124, 5.723952
41.884265, 13.300037, 5.722437
41.835495, 13.299952, 5.720362
41.786784, 13.299868, 5.718076
41.737822, 13.299783, 5.715929
41.688359, 13.299694, 5.714210
41.638426, 13.299602, 5.712931
41.588148, 13.299509, 5.712011
41.537648, 13.299414, 5.711374
41.487049, 13.299319, 5.710940
41.436473, 13.299224, 5.710630
41.386045, 13.299131, 5.710367
41.335887, 13.299040, 5.710071
41.286123, 13.298953, 5.709664
41.236875, 13.298870, 5.709067
41.188212, 13.298791, 5.708206
41.139908, 13.298716, 5.707028
41.091645, 13.298644, 5.705485
41.043103, 13.298573, 5.703531
40.993963, 13.298501, 5.701119
40.943904, 13.298429, 5.698202
40.892608, 13.298353, 5.694735
40.839755, 13.298273, 5.690669
40.785025, 13.298187, 5.685959
40.728099, 13.298094, 5.680558
40.668737, 13.297994, 5.674439
40.607142, 13.297886, 5.667688
40.543664, 13.297771, 5.660429
40.478655, 13.297651, 5.652785
40.412467, 13.297526, 5.644880
40.345452, 13.297397, 5.636838
40.277960, 13.297266, 5.628782
40.210345, 13.297133, 5.620837
40.142957, 13.297000, 5.613125
40.076148, 13.296867, 5.605771
40.010215, 13.296735, 5.598873
39.945138, 13.296604, 5.592393
39.880787, 13.296474, 5.586240
39.817030, 13.296343, 5.580325
39.753735, 13.296212, 5.574557
39.690771, 13.296080, 5.568849
39.628006, 13.295946, 5.563109
39.565308, 13.295811, 5.557248
39.502546, 13.295672, 5.551176
39.439589, 13.295531, 5.544804
39.376323, 13.295385, 5.538100
39.312744, 13.295237, 5.531374
39.248886, 13.295085, 5.525066
39.184787, 13.294932, 5.519614
39.120482, 13.294776, 5.515459
39.056008, 13.294618, 5.513040
38.991400, 13.294459, 5.512795
38.926693, 13.294300, 5.515164
38.861925, 13.294140, 5.520587
38.797131, 13.293981, 5.529502
38.732337, 13.293821, 5.542222
38.667506, 13.293662, 5.558263
38.602575, 13.293503, 5.576830
38.537484, 13.293343, 5.597128
38.472169, 13.293180, 5.618362
38.406570, 13.293016, 5.639737
38.340625, 13.292849, 5.660458
38.274270, 13.292678, 5.679731
38.207446, 13.292503, 5.696759
38.140089, 13.292324, 5.710748
38.072178, 13.292139, 5.721036
38.003960, 13.291950, 5.727840
37.935790, 13.291759, 5.731734
37.868022, 13.291568, 5.733293
37.801011, 13.291377, 5.733089
37.735113, 13.291188, 5.731697
37.670682, 13.291004, 5.729692
37.608073, 13.290825, 5.727648
37.547642, 13.290653, 5.726140
37.489743, 13.290491, 5.725740
37.434640, 13.290338, 5.726932
37.381960, 13.290194, 5.729564
37.331065, 13.290057, 5.733213
37.281312, 13.289924, 5.737459
37.232062, 13.289793, 5.741879
37.182674, 13.289662, 5.746052
37.132506, 13.289528, 5.749555
37.080918, 13.289389, 5.751966
37.027269, 13.289243, 5.752864
36.970919, 13.289086, 5.751827
36.911338, 13.288919, 5.748494
36.848815, 13.288740, 5.742954
36.783999, 13.288553, 5.735495
36.717539, 13.288359, 5.726404
36.650084, 13.288160, 5.715968
36.582284, 13.287959, 5.704475
36.514789, 13.287757, 5.692213
36.448248, 13.287556, 5.679469
36.383312, 13.287359, 5.666532
36.320629, 13.287167, 5.653687
36.260771, 13.286982, 5.641208
36.203710, 13.286805, 5.629243
36.149143, 13.286636, 5.617886
36.096766, 13.286475, 5.607230
36.046273, 13.286322, 5.597366
35.997362, 13.286176, 5.588389
35.949728, 13.286037, 5.580390
35.903065, 13.285906, 5.573464
35.857071, 13.285783, 5.567702
35.811440, 13.285667, 5.563198
35.765870, 13.285558, 5.560021
35.720073, 13.285454, 5.558056
35.673766, 13.285353, 5.557101
35.626669, 13.285252, 5.556953
35.578500, 13.285148, 5.557406
35.528978, 13.285039, 5.558259
35.477820, 13.284922, 5.559306
35.424746, 13.284795, 5.560346
35.369473, 13.284654, 5.561173
35.311721, 13.284498, 5.561585
35.251269, 13.284324, 5.561402
35.188420, 13.284133, 5.560647
35.123737, 13.283930, 5.559445
35.057783, 13.283717, 5.557920
34.991124, 13.283499, 5.556197
34.924322, 13.283279, 5.554402
34.857944, 13.283059, 5.552660
34.792552, 13.282845, 5.551095
34.728712, 13.282640, 5.549832
34.666987, 13.282446, 5.548997
34.607883, 13.282268, 5.548716
34.551379, 13.282104, 5.549123
34.497183, 13.281954, 5.550359
34.444999, 13.281815, 5.552563
34.394532, 13.281686, 5.555876
34.345486, 13.281564, 5.560437
34.297566, 13.281448, 5.566386
34.250476, 13.281335, 5.573863
34.203922, 13.281225, 5.583009
34.157608, 13.281115, 5.593962
34.111238, 13.281003, 5.606823
34.064511, 13.280888, 5.621312
34.017124, 13.280769, 5.636945
33.968774, 13.280645, 5.653236
33.919156, 13.280516, 5.669699
33.867967, 13.280380, 5.685849
33.814905, 13.280236, 5.701200
33.759664, 13.280083, 5.715264
33.701943, 13.279921, 5.727558
33.641437, 13.279748, 5.737594
33.577901, 13.279565, 5.744939
33.511657, 13.279371, 5.749675
33.443346, 13.279169, 5.752169
33.373614, 13.278962, 5.752797
33.303105, 13.278752, 5.751931
33.232466, 13.278540, 5.749944
33.162341, 13.278331, 5.747210
33.093375, 13.278125, 5.744102
33.026214, 13.277925, 5.740993
32.961503, 13.277733, 5.738257
32.899829, 13.277551, 5.736234
32.841189, 13.277380, 5.734919
32.785230, 13.277218, 5.734109
32.731595, 13.277064, 5.733595
32.679929, 13.276915, 5.733170
32.629875, 13.276771, 5.732626
32.581076, 13.276631, 5.731757
32.533176, 13.276492, 5.730353
32.485818, 13.276354, 5.728209
32.438647, 13.276215, 5.725116
32.391316, 13.276073, 5.720878
32.343605, 13.275929, 5.715433
32.295366, 13.275781, 5.708800
32.246455, 13.275630, 5.700996
32.196726, 13.275476, 5.692042
32.146033, 13.275317, 5.681957
32.094233, 13.275153, 5.670759
32.041179, 13.274985, 5.658468
31.986726, 13.274813, 5.645102
31.930728, 13.274635, 5.630683
31.873056, 13.274452, 5.615245
31.813740, 13.274263, 5.599024
31.752916, 13.274070, 5.582381
31.690721, 13.273874, 5.565679
31.627292, 13.273675, 5.549283
31.562768, 13.273473, 5.533554
31.497283, 13.273270, 5.518858
31.430977, 13.273066, 5.505556
31.363985, 13.272863, 5.494012
31.296446, 13.272659, 5.484590
31.228502, 13.272457, 5.477625
31.160381, 13.272257, 5.473107
31.092360, 13.272059, 5.470802
31.024721, 13.271864, 5.470468
30.957745, 13.271671, 5.471866
30.891712, 13.271483, 5.474755
30.826903, 13.271298, 5.478896
30.763598, 13.271117, 5.484047
30.702078, 13.270941, 5.489970
30.642624, 13.270771, 5.496424
30.585491, 13.270606, 5.503183
30.530604, 13.270445, 5.510208
30.477666, 13.270289, 5.517586
30.426371, 13.270137, 5.525410
30.376417, 13.269986, 5.533769
30.327498, 13.269837, 5.542754
30.279312, 13.269689, 5.552457
30.231554, 13.269540, 5.562968
30.183920, 13.269389, 5.574379
30.136107, 13.269236, 5.586779
30.087824, 13.269080, 5.600246
30.038980, 13.268921, 5.614665
29.989619, 13.268759, 5.629785
29.939794, 13.268596, 5.645351
29.889553, 13.268431, 5.661109
29.838947, 13.268266, 5.676804
29.788027, 13.268101, 5.692183
29.736841, 13.267937, 5.706990
29.685441, 13.267774, 5.720971
29.633876, 13.267614, 5.733872
29.582197, 13.267456, 5.745455
29.530452, 13.267302, 5.755737
29.478688, 13.267150, 5.764919
29.426952, 13.267000, 5.773210
29.375292, 13.266852, 5.780816
29.323756, 13.266706, 5.787945
29.272390, 13.266560, 5.794804
29.221241, 13.266414, 5.801600
29.170358, 13.266269, 5.808542
29.119787, 13.266123, 5.815836
29.069562, 13.265976, 5.823665
29.019524, 13.265828, 5.831859
28.969359, 13.265678, 5.839966
28.918751, 13.265526, 5.847530
28.867383, 13.265371, 5.854095
28.814940, 13.265213, 5.859204
28.761105, 13.265052, 5.862400
28.705561, 13.264886, 5.863226
28.647993, 13.264716, 5.861227
28.588083, 13.264541, 5.855944
28.525546, 13.264361, 5.846957
28.460586, 13.264175, 5.834391
28.393802, 13.263987, 5.818818
28.325804, 13.263796, 5.800820
28.257202, 13.263605, 5.780982
28.188607, 13.263415, 5.759885
28.120629, 13.263228, 5.738114
28.053879, 13.263045, 5.716252
27.988966, 13.262868, 5.694881
27.926502, 13.262698, 5.674586
27.867064, 13.262536, 5.655925
27.810698, 13.262382, 5.639053
27.757000, 13.262235, 5.623782
27.705551, 13.262093, 5.609915
27.655933, 13.261954, 5.597256
27.607729, 13.261816, 5.585605
27.560520, 13.261678, 5.574767
27.513889, 13.261538, 5.564544
27.467416, 13.261394, 5.554738
27.420685, 13.261244, 5.545152
27.373287, 13.261088, 5.535600
27.324973, 13.260924, 5.526091
27.275640, 13.260754, 5.516807
27.225188, 13.260579, 5.507936
27.173514, 13.260400, 5.499663
27.120521, 13.260218, 5.492178
27.066107, 13.260034, 5.485665
27.010171, 13.259850, 5.480314
26.952614, 13.259666, 5.476311
26.893335, 13.259484, 5.473843
26.832243, 13.259304, 5.473092
26.769404, 13.259128, 5.474126
26.705034, 13.258953, 5.476914
26.639350, 13.258779, 5.481419
26.572571, 13.258606, 5.487605
26.504915, 13.258432, 5.495436
26.436602, 13.258257, 5.504875
26.367851, 13.258080, 5.515886
26.298878, 13.257900, 5.528433
26.229905, 13.257715, 5.542481
26.161147, 13.257526, 5.557985
26.092804, 13.257333, 5.574769
26.025054, 13.257137, 5.592530
25.958078, 13.256939, 5.610958
25.892052, 13.256740, 5.629745
25.827157, 13.256543, 5.648582
25.763570, 13.256349, 5.667161
25.701472, 13.256158, 5.685171
25.641040, 13.255973, 5.702306
25.582454, 13.255794, 5.718255
25.525882, 13.255623, 5.732719
25.471268, 13.255460, 5.745585
25.418335, 13.255304, 5.756922
25.366797, 13.255154, 5.766810
25.316370, 13.255007, 5.775327
25.266765, 13.254864, 5.782550
25.217699, 13.254722, 5.788558
25.168884, 13.254580, 5.793430
25.120036, 13.254437, 5.797243
25.070867, 13.254291, 5.800076
25.021101, 13.254142, 5.802007
24.970658, 13.253989, 5.803109
24.919664, 13.253834, 5.803452
24.868250, 13.253678, 5.803106
24.816550, 13.253521, 5.802138
24.764697, 13.253366, 5.800618
24.712825, 13.253213, 5.798616
24.661066, 13.253063, 5.796200
24.609554, 13.252919, 5.793440
24.558422, 13.252781, 5.790404
24.507795, 13.252651, 5.787158
24.457606, 13.252527, 5.783639
24.407585, 13.252408, 5.779656
24.357450, 13.252290, 5.775009
24.306921, 13.252172, 5.769499
24.255716, 13.252050, 5.762927
24.203554, 13.251922, 5.755093
24.150155, 13.251785, 5.745798
24.095237, 13.251637, 5.734842
24.038520, 13.251475, 5.722027
23.979732, 13.251297, 5.707164
23.918855, 13.251103, 5.690360
23.856153, 13.250895, 5.672048
23.791905, 13.250678, 5.652676
23.726387, 13.250453, 5.632696
23.659878, 13.250224, 5.612556
23.592656, 13.249995, 5.592706
23.524998, 13.249768, 5.573595
23.457183, 13.249547, 5.555674
23.389489, 13.249334, 5.539391
23.322189, 13.249133, 5.525187
23.255420, 13.248945, 5.513228
23.189167, 13.248767, 5.503367
23.123402, 13.248598, 5.495436
23.058100, 13.248435, 5.489272
22.993236, 13.248277, 5.484708
22.928784, 13.248121, 5.481579
22.864717, 13.247965, 5.479720
22.801011, 13.247807, 5.478964
22.737639, 13.247646, 5.479147
22.674574, 13.247479, 5.480107
22.611738, 13.247305, 5.481793
22.548992, 13.247125, 5.484293
22.486193, 13.246940, 5.487697
22.423198, 13.246750, 5.492101
22.359865, 13.246555, 5.497596
22.296050, 13.246358, 5.504275
22.231613, 13.246157, 5.512232
22.166408, 13.245955, 5.521560
22.100295, 13.245751, 5.532351
22.033137, 13.245547, 5.544695
21.965013, 13.245342, 5.558509
21.896271, 13.245138, 5.573505
21.827276, 13.244935, 5.589380
21.758393, 13.244735, 5.605830
21.689986, 13.244537, 5.622553
21.622420, 13.244342, 5.639246
21.556059, 13.244151, 5.655605
21.491269, 13.243966, 5.671329
21.428413, 13.243786, 5.686114
21.367850, 13.243612, 5.699662
21.309692, 13.243444, 5.711839
21.253731, 13.243282, 5.722727
21.199739, 13.243126, 5.732419
21.147487, 13.242974, 5.741010
21.096749, 13.242826, 5.748595
21.047295, 13.242681, 5.755267
20.998898, 13.242540, 5.761123
20.951330, 13.242401, 5.766255
20.904362, 13.242264, 5.770759
20.857765, 13.242128, 5.774728
20.811280, 13.241993, 5.778192
20.764602, 13.241857, 5.781099
20.717425, 13.241720, 5.783393
20.669443, 13.241581, 5.785013
20.620349, 13.241438, 5.785903
20.569838, 13.241292, 5.786005
20.517602, 13.241141, 5.785261
20.463335, 13.240983, 5.783612
20.406732, 13.240819, 5.781000
20.347491, 13.240647, 5.777369
20.285588, 13.240467, 5.772690
20.221384, 13.240281, 5.766972
20.155265, 13.240089, 5.760229
20.087622, 13.239892, 5.752475
20.018842, 13.239692, 5.743724
19.949314, 13.239490, 5.733988
19.879426, 13.239287, 5.723281
19.809567, 13.239084, 5.711617
19.740126, 13.238882, 5.699009
19.671486, 13.238682, 5.685472
19.603841, 13.238486, 5.671080
19.537103, 13.238292, 5.655996
19.471162, 13.238100, 5.640389
19.405909, 13.237910, 5.624427
19.341236, 13.237723, 5.608280
19.277033, 13.237536, 5.592117
19.213192, 13.237351, 5.576106
19.149601, 13.237166, 5.560417
19.086154, 13.236982, 5.545219
19.022741, 13.236798, 5.530680
18.959311, 13.236614, 5.516980
18.895900, 13.236430, 5.504312
18.832550, 13.236247, 5.492870
18.769303, 13.236063, 5.482850
18.706202, 13.235880, 5.474445
18.643288, 13.235698, 5.467852
18.580605, 13.235516, 5.463263
18.518195, 13.235335, 5.460874
18.456099, 13.235155, 5.460880
18.394360, 13.234976, 5.463471
18.332962, 13.234798, 5.468640
18.271803, 13.234621, 5.476063
18.210772, 13.234443, 5.485391
18.149758, 13.234266, 5.496274
18.088652, 13.234089, 5.508361
18.027341, 13.233911, 5.521303
17.965716, 13.233732, 5.534749
17.903666, 13.233552, 5.548350
17.841080, 13.233370, 5.561755
17.777849, 13.233186, 5.574616
17.713935, 13.233001, 5.586750
17.649420, 13.232813, 5.598241
17.584397, 13.232624, 5.609198
17.518959, 13.232434, 5.619730
17.453197, 13.232244, 5.629946
17.387204, 13.232052, 5.639955
17.321073, 13.231860, 5.649866
17.254897, 13.231668, 5.659788
17.188768, 13.231476, 5.669830
17.122778, 13.231284, 5.680100
17.057041, 13.231093, 5.690609
16.991705, 13.230904, 5.701205
16.926920, 13.230716, 5.711723
16.862837, 13.230529, 5.721993
16.799607, 13.230346, 5.731849
16.737381, 13.230165, 5.741123
16.676311, 13.229988, 5.749648
16.616547, 13.229814, 5.757255
16.558239, 13.229645, 5.763779
16.501538, 13.229480, 5.769051
16.446486, 13.229320, 5.772986
16.392934, 13.229165, 5.775641
16.340712, 13.229013, 5.777086
16.289652, 13.228865, 5.777391
16.239585, 13.228720, 5.776628
16.190343, 13.228577, 5.774868
16.141757, 13.228436, 5.772181
16.093658, 13.228296, 5.768639
16.045877, 13.228157, 5.764311
15.998246, 13.228019, 5.759270
15.950582, 13.227880, 5.753578
15.902674, 13.227741, 5.747287
15.854311, 13.227601, 5.740445
15.805279, 13.227458, 5.733103
15.755366, 13.227314, 5.725308
15.704361, 13.227165, 5.717111
15.652050, 13.227014, 5.708561
15.598221, 13.226857, 5.699707
15.542661, 13.226696, 5.690599
15.485159, 13.226529, 5.681285
15.425662, 13.226356, 5.671802
15.364420, 13.226179, 5.662159
15.301717, 13.225997, 5.652364
15.237836, 13.225811, 5.642423
15.173062, 13.225623, 5.632344
15.107679, 13.225433, 5.622133
15.041970, 13.225243, 5.611799
14.976221, 13.225052, 5.601347
14.910715, 13.224862, 5.590784
14.845736, 13.224673, 5.580119
14.781452, 13.224487, 5.569394
14.717808, 13.224302, 5.558719
14.654719, 13.224119, 5.548214
14.592101, 13.223937, 5.538000
14.529869, 13.223757, 5.528196
14.467939, 13.223577, 5.518923
14.406228, 13.223398, 5.510299
14.344650, 13.223219, 5.502444
14.283122, 13.223040, 5.495479
14.221560, 13.222861, 5.489524
14.159887, 13.222682, 5.484702
14.098045, 13.222502, 5.481146
14.035976, 13.222322, 5.478990
13.973624, 13.222141, 5.478368
13.910931, 13.221958, 5.479413
13.847841, 13.221775, 5.482260
13.784297, 13.221590, 5.487042
13.720242, 13.221404, 5.493893
13.655618, 13.221216, 5.502947
13.590370, 13.221027, 5.514337
13.524545, 13.220835, 5.528032
13.458414, 13.220643, 5.543649
13.392278, 13.220451, 5.560754
13.326439, 13.220260, 5.578916
13.261198, 13.220071, 5.597704
13.196857, 13.219884, 5.616685
13.133716, 13.219701, 5.635428
13.072078, 13.219522, 5.653501
13.012243, 13.219348, 5.670472
12.954512, 13.219181, 5.685911
12.899009, 13.219019, 5.699567
12.845456, 13.218864, 5.711604
12.793522, 13.218713, 5.722241
12.742874, 13.218566, 5.731697
12.693179, 13.218422, 5.740192
12.644106, 13.218279, 5.747945
12.595321, 13.218138, 5.755175
12.546493, 13.217996, 5.762102
12.497289, 13.217853, 5.768945
12.447378, 13.217708, 5.775923
12.396569, 13.217561, 5.783139
12.345013, 13.217411, 5.790421
12.292907, 13.217260, 5.797555
12.240448, 13.217107, 5.804330
12.187835, 13.216955, 5.810533
12.135265, 13.216802, 5.815952
12.082936, 13.216650, 5.820375
12.031046, 13.216500, 5.823588
11.979793, 13.216351, 5.825381
11.929374, 13.216205, 5.825539
11.879847, 13.216061, 5.823919
11.830925, 13.215919, 5.820536
11.782270, 13.215778, 5.815432
11.733542, 13.215637, 5.808649
11.684403, 13.215494, 5.800229
11.634514, 13.215350, 5.790213
11.583536, 13.215202, 5.778645
11.531130, 13.215050, 5.765564
11.476957, 13.214893, 5.751013
11.420679, 13.214729, 5.735034
11.362115, 13.214559, 5.717740
11.301493, 13.214383, 5.699425
11.239105, 13.214202, 5.680413
11.175243, 13.214016, 5.661028
11.110199, 13.213828, 5.641593
11.044265, 13.213636, 5.622432
10.977733, 13.213443, 5.603868
10.910895, 13.213249, 5.586226
10.844044, 13.213055, 5.569828
10.777470, 13.212862, 5.554999
10.711380, 13.212670, 5.541957
10.645743, 13.212480, 5.530639
10.580491, 13.212291, 5.520932
10.515554, 13.212103, 5.512727
10.450864, 13.211916, 5.505913
10.386353, 13.211729, 5.500379
10.321952, 13.211542, 5.496015
10.257591, 13.211355, 5.492709
10.193202, 13.211168, 5.490351
10.128717, 13.210981, 5.488830
10.064089, 13.210793, 5.488067
9.999335, 13.210604, 5.488075
9.934483, 13.210415, 5.488879
9.869560, 13.210226, 5.490507
9.804594, 13.210037, 5.492985
9.739613, 13.209848, 5.496342
9.674644, 13.209659, 5.500604
9.609715, 13.209471, 5.505798
9.544855, 13.209283, 5.511951
9.480090, 13.209095, 5.519089
9.415421, 13.208909, 5.527239
9.350769, 13.208722, 5.536417
9.286042, 13.208536, 5.546641
9.221145, 13.208349, 5.557927
9.155987, 13.208161, 5.570292
9.090473, 13.207971, 5.583752
9.024510, 13.207779, 5.598325
8.958005, 13.207585, 5.614027
8.890866, 13.207389, 5.630874
8.822997, 13.207189, 5.648884
8.754417, 13.206985, 5.667959
8.685471, 13.206780, 5.687653
8.616573, 13.206575, 5.707452
8.548135, 13.206372, 5.726845
8.480567, 13.206173, 5.745317
8.414282, 13.205979, 5.762356
8.349693, 13.205792, 5.777449
8.287210, 13.205615, 5.790083
8.227245, 13.205448, 5.799744
8.170211, 13.205294, 5.805921
8.116296, 13.205153, 5.808313
8.064974, 13.205024, 5.807303
8.015574, 13.204903, 5.803411
7.967429, 13.204788, 5.797155
7.919869, 13.204675, 5.789056
7.872225, 13.204562, 5.779632
7.823828, 13.204445, 5.769402
7.774008, 13.204323, 5.758886
7.722096, 13.204192, 5.748604
7.667424, 13.204050, 5.739073
7.609546, 13.203894, 5.730663
7.548765, 13.203725, 5.723236
7.485540, 13.203547, 5.716549
7.420330, 13.203361, 5.710358
7.353596, 13.203169, 5.704422
7.285797, 13.202974, 5.698496
7.217391, 13.202778, 5.692337
7.148839, 13.202583, 5.685703
7.080600, 13.202390, 5.678350
7.013133, 13.202203, 5.670035
6.946775, 13.202023, 5.660616
6.881430, 13.201848, 5.650305
6.816911, 13.201679, 5.639390
6.753028, 13.201512, 5.628159
6.689592, 13.201349, 5.616902
6.626416, 13.201186, 5.605907
6.563309, 13.201023, 5.595462
6.500084, 13.200859, 5.585856
6.436551, 13.200692, 5.577377
6.372521, 13.200522, 5.570315
6.307861, 13.200347, 5.564874
6.242633, 13.200168, 5.560950
6.176947, 13.199985, 5.558370
6.110910, 13.199800, 5.556961
6.044632, 13.199612, 5.556549
5.978222, 13.199424, 5.556961
5.911787, 13.199235, 5.558023
5.845438, 13.199047, 5.559563
5.779282, 13.198859, 5.561405
5.713428, 13.198673, 5.563378
5.647952, 13.198490, 5.565355
5.582801, 13.198309, 5.567397
5.517893, 13.198131, 5.569606
5.453145, 13.197954, 5.572087
5.388474, 13.197779, 5.574943
5.323799, 13.197607, 5.578276
5.259036, 13.197435, 5.582192
5.194102, 13.197266, 5.586793
5.128915, 13.197097, 5.592183
5.063392, 13.196930, 5.598465
4.997475, 13.196764, 5.605691
4.931201, 13.196598, 5.613705
4.864630, 13.196433, 5.622297
4.797824, 13.196267, 5.631259
4.730843, 13.196102, 5.640383
4.663750, 13.195936, 5.649460
4.596604, 13.195769, 5.658282
4.529468, 13.195601, 5.666639
4.462401, 13.195431, 5.674323
4.395465, 13.195260, 5.681127
4.328708, 13.195086, 5.686873
4.262125, 13.194911, 5.691528
4.195694, 13.194734, 5.695093
4.129396, 13.194556, 5.697569
4.063210, 13.194377, 5.698958
3.997117, 13.194198, 5.699261
3.931096, 13.194018, 5.698481
3.865127, 13.193838, 5.696617
3.799189, 13.193658, 5.693672
3.733263, 13.193479, 5.689647
3.667339, 13.193301, 5.684567
3.601459, 13.193124, 5.678551
3.535675, 13.192948, 5.671749
3.470042, 13.192772, 5.664307
3.404613, 13.192598, 5.656375
3.339442, 13.192425, 5.648099
3.274584, 13.192253, 5.639628
3.210092, 13.192082, 5.631109
3.146020, 13.191912, 5.622690
3.082422, 13.191743, 5.614520
3.019322, 13.191575, 5.606746
2.956618, 13.191408, 5.599521
2.894168, 13.191242, 5.592996
2.831831, 13.191076, 5.587326
2.769465, 13.190909, 5.582661
2.706929, 13.190742, 5.579155
2.644083, 13.190575, 5.576961
2.580784, 13.190406, 5.576230
2.516892, 13.190235, 5.577115
2.452265, 13.190062, 5.579770
2.386838, 13.189888, 5.584283
2.320903, 13.189712, 5.590440
2.254862, 13.189536, 5.597938
2.189116, 13.189360, 5.606473
2.124065, 13.189187, 5.615740
2.060110, 13.189017, 5.625435
1.997652, 13.188850, 5.635254
1.937093, 13.188689, 5.644892
1.878832, 13.188533, 5.654047
1.823271, 13.188385, 5.662414
1.770664, 13.188245, 5.669725
1.720533, 13.188111, 5.675899
1.672170, 13.187982, 5.680914
1.624868, 13.187856, 5.684747
1.577919, 13.187731, 5.687375
1.530617, 13.187605, 5.688774
1.482252, 13.187476, 5.688923
1.432118, 13.187342, 5.687797
1.379508, 13.187202, 5.685373
1.323713, 13.187053, 5.681630
1.264214, 13.186895, 5.676590
1.201470, 13.186727, 5.670516
1.136263, 13.186554, 5.663753
1.069372, 13.186375, 5.656641
1.001578, 13.186195, 5.649524
0.933661, 13.186014, 5.642745
0.866403, 13.185834, 5.636646
0.800583, 13.185659, 5.631570
0.736981, 13.185489, 5.627859
0.676380, 13.185328, 5.625856
0.619379, 13.185176, 5.625819
0.565603, 13.185032, 5.627537
0.514340, 13.184895, 5.630637
0.464878, 13.184763, 5.634751
0.416507, 13.184634, 5.639506
0.368514, 13.184506, 5.644531
0.320189, 13.184377, 5.649456
0.270820, 13.184245, 5.653910
0.219696, 13.184109, 5.657522
0.166105, 13.183966, 5.659920
0.109463, 13.183815, 5.660793
0.049914, 13.183656, 5.660170
-0.012136, 13.183491, 5.658200
-0.076284, 13.183320, 5.655034
-0.142124, 13.183144, 5.650821
-0.209251, 13.182966, 5.645710
-0.277261, 13.182784, 5.639852
-0.345750, 13.182602, 5.633397
-0.414311, 13.182419, 5.626495
-0.482542, 13.182237, 5.619295
-0.550070, 13.182057, 5.611955
-0.616733, 13.181879, 5.604682
-0.682445, 13.181704, 5.597700
-0.747119, 13.181532, 5.591232
-0.810668, 13.181362, 5.585503
-0.873007, 13.181196, 5.580738
-0.934049, 13.181033, 5.577159
-0.993709, 13.180874, 5.574992
-1.051898, 13.180719, 5.574461
-1.108532, 13.180568, 5.575790
-1.163553, 13.180421, 5.579145
-1.217089, 13.180279, 5.584331
-1.269338, 13.180139, 5.591013
-1.320499, 13.180003, 5.598855
-1.370773, 13.179869, 5.607521
-1.420357, 13.179737, 5.616675
-1.469451, 13.179606, 5.625981
-1.518254, 13.179476, 5.635104
-1.566965, 13.179346, 5.643707
-1.615783, 13.179216, 5.651454
-1.664886, 13.179085, 5.658057
-1.714306, 13.178953, 5.663527
-1.764017, 13.178821, 5.668003
-1.813995, 13.178687, 5.671621
-1.864212, 13.178554, 5.674518
-1.914645, 13.178419, 5.676831
-1.965266, 13.178284, 5.678696
-2.016050, 13.178149, 5.680252
-2.066972, 13.178013, 5.681634
-2.118006, 13.177877, 5.682981
-2.169120, 13.177741, 5.684411
-2.220250, 13.177605, 5.685931
-2.271315, 13.177468, 5.687498
-2.322235, 13.177333, 5.689066
-2.372928, 13.177198, 5.690594
-2.423316, 13.177063, 5.692038
-2.473318, 13.176930, 5.693353
-2.522852, 13.176798, 5.694497
-2.571840, 13.176667, 5.695425
-2.620199, 13.176538, 5.696096
-2.667893, 13.176411, 5.696461
-2.715184, 13.176285, 5.696460
-2.762471, 13.176159, 5.696023
-2.810151, 13.176032, 5.695080
-2.858623, 13.175902, 5.693562
-2.908284, 13.175770, 5.691398
-2.959533, 13.175633, 5.688520
-3.012767, 13.175491, 5.684858
-3.068386, 13.175343, 5.680342
-3.126786, 13.175187, 5.674903
-3.188276, 13.175023, 5.668499
-3.252479, 13.174852, 5.661302
-3.318705, 13.174676, 5.653581
-3.386260, 13.174496, 5.645605
-3.454450, 13.174314, 5.637646
-3.522585, 13.174133, 5.629972
-3.589969, 13.173953, 5.622854
-3.655911, 13.173777, 5.616561
-3.719718, 13.173607, 5.611364
-3.780696, 13.173445, 5.607532
-3.838257, 13.173291, 5.605293
-3.892643, 13.173146, 5.604533
-3.944492, 13.173008, 5.604974
-3.994448, 13.172874, 5.606337
-4.043152, 13.172744, 5.608345
-4.091245, 13.172616, 5.610717
-4.139371, 13.172487, 5.613178
-4.188171, 13.172357, 5.615446
-4.238287, 13.172223, 5.617245
-4.290362, 13.172085, 5.618295
-4.344971, 13.171939, 5.618355
-4.402151, 13.171787, 5.617487
-4.461661, 13.171628, 5.615907
-4.523264, 13.171464, 5.613831
-4.586719, 13.171295, 5.611477
-4.651786, 13.171121, 5.609060
-4.718227, 13.170945, 5.606797
-4.785801, 13.170765, 5.604905
-4.854269, 13.170582, 5.603600
-4.923391, 13.170398, 5.603099
-4.992921, 13.170213, 5.603597
-5.062547, 13.170027, 5.605099
-5.131925, 13.169842, 5.607511
-5.200711, 13.169659, 5.610739
-5.268559, 13.169478, 5.614689
-5.335127, 13.169301, 5.619266
-5.400068, 13.169127, 5.624376
-5.463040, 13.168960, 5.629923
-5.523696, 13.168798, 5.635815
-5.581692, 13.168643, 5.641956
-5.636752, 13.168496, 5.648243
-5.689219, 13.168356, 5.654502
-5.739775, 13.168222, 5.660514
-5.789103, 13.168090, 5.666064
-5.837889, 13.167960, 5.670935
-5.886815, 13.167830, 5.674910
-5.936568, 13.167697, 5.677771
-5.987831, 13.167561, 5.679303
-6.041289, 13.167418, 5.679288
-6.097626, 13.167268, 5.677510
-6.157439, 13.167109, 5.673787
-6.220478, 13.166941, 5.668282
-6.286011, 13.166766, 5.661352
-6.353302, 13.166587, 5.653355
-6.421616, 13.166405, 5.644650
-6.490217, 13.166223, 5.635596
-6.558370, 13.166041, 5.626553
-6.625337, 13.165863, 5.617879
-6.690384, 13.165689, 5.609933
-6.752775, 13.165523, 5.603074
-6.811844, 13.165365, 5.597632
-6.867656, 13.165216, 5.593631
-6.920703, 13.165075, 5.590916
-6.971482, 13.164939, 5.589332
-7.020492, 13.164808, 5.588721
-7.068230, 13.164681, 5.588928
-7.115194, 13.164555, 5.589796
-7.161881, 13.164431, 5.591168
-7.208790, 13.164305, 5.592887
-7.256417, 13.164178, 5.594798
-7.305221, 13.164048, 5.596758
-7.355222, 13.163915, 5.598778
-7.406176, 13.163779, 5.600962
-7.457831, 13.163641, 5.603416
-7.509940, 13.163502, 5.606247
-7.562252, 13.163362, 5.609560
-7.614518, 13.163223, 5.613462
-7.666489, 13.163084, 5.618059
-7.717915, 13.162947, 5.623456
-7.768546, 13.162812, 5.629759
-7.818164, 13.162680, 5.637055
-7.866911, 13.162550, 5.645203
-7.915154, 13.162421, 5.653917
-7.963266, 13.162293, 5.662910
-8.011620, 13.162164, 5.671894
-8.060587, 13.162033, 5.680582
-8.110540, 13.161900, 5.688686
-8.161852, 13.161763, 5.695919
-8.214894, 13.161622, 5.701992
-8.270040, 13.161475, 5.706618
-8.327625, 13.161321, 5.709533
-8.387564, 13.161161, 5.710742
-8.449487, 13.160996, 5.710434
-8.513022, 13.160827, 5.708797
-8.577793, 13.160654, 5.706022
-8.643429, 13.160479, 5.702299
-8.709555, 13.160302, 5.697819
-8.775798, 13.160126, 5.692771
-8.841784, 13.159950, 5.687346
-8.907140, 13.159776, 5.681734
-8.971519, 13.159604, 5.676120
-9.034909, 13.159435, 5.670647
-9.097529, 13.159268, 5.665423
-9.159604, 13.159102, 5.660557
-9.221357, 13.158938, 5.656159
-9.283014, 13.158773, 5.652335
-9.344798, 13.158608, 5.649197
-9.406932, 13.158443, 5.646851
-9.469642, 13.158275, 5.645407
-9.533152, 13.158106, 5.644973
-9.597667, 13.157934, 5.645644
-9.663161, 13.157759, 5.647302
-9.729439, 13.157582, 5.649682
-9.796301, 13.157403, 5.652516
-9.863549, 13.157224, 5.655534
-9.930982, 13.157044, 5.658467
-9.998404, 13.156864, 5.661046
-10.065614, 13.156684, 5.663002
-10.132413, 13.156506, 5.664066
-10.198603, 13.156329, 5.663970
-10.263997, 13.156155, 5.662467
-10.328592, 13.155983, 5.659658
-10.392519, 13.155812, 5.655897
-10.455913, 13.155643, 5.651545
-10.518910, 13.155475, 5.646964
-10.581645, 13.155308, 5.642515
-10.644253, 13.155142, 5.638559
-10.706870, 13.154975, 5.635458
-10.769630, 13.154807, 5.633573
-10.832670, 13.154640, 5.633265
-10.896117, 13.154470, 5.634868
-10.960021, 13.154300, 5.638304
-11.024363, 13.154129, 5.643176
-11.089125, 13.153956, 5.649075
-11.154287, 13.153782, 5.655597
-11.219832, 13.153607, 5.662334
-11.285739, 13.153432, 5.668880
-11.351991, 13.153255, 5.674828
-11.418569, 13.153077, 5.679772
-11.485453, 13.152899, 5.683306
-11.552618, 13.152720, 5.685046
-11.619931, 13.152541, 5.684977
-11.687174, 13.152361, 5.683383
-11.754124, 13.152183, 5.680556
-11.820559, 13.152006, 5.676787
-11.886259, 13.151831, 5.672369
-11.951000, 13.151658, 5.667593
-12.014563, 13.151489, 5.662750
-12.076723, 13.151323, 5.658134
-12.137261, 13.151162, 5.654036
-12.195973, 13.151005, 5.650733
-12.252994, 13.150853, 5.648275
-12.308739, 13.150705, 5.646517
-12.363632, 13.150559, 5.645307
-12.418096, 13.150413, 5.644497
-12.472555, 13.150268, 5.643934
-12.527435, 13.150122, 5.643468
-12.583158, 13.149973, 5.642948
-12.640149, 13.149822, 5.642225
-12.698831, 13.149665, 5.641146
-12.759606, 13.149503, 5.639569
-12.822448, 13.149336, 5.637457
-12.886965, 13.149164, 5.634874
-12.952747, 13.148988, 5.631885
-13.019389, 13.148811, 5.628556
-13.086482, 13.148632, 5.624951
-13.153621, 13.148453, 5.621137
-13.220397, 13.148275, 5.617179
-13.286403, 13.148099, 5.613143
-13.351233, 13.147926, 5.609093
-13.414497, 13.147757, 5.605096
-13.476174, 13.147593, 5.601245
-13.536573, 13.147432, 5.597652
-13.596014, 13.147273, 5.594433
-13.654818, 13.147117, 5.591702
-13.713308, 13.146961, 5.589574
-13.771804, 13.146805, 5.588163
-13.830627, 13.146648, 5.587585
-13.890099, 13.146490, 5.587954
-13.950540, 13.146329, 5.589385
-14.012260, 13.146164, 5.591983
-14.075312, 13.145997, 5.595676
-14.139508, 13.145826, 5.600223
-14.204653, 13.145652, 5.605376
-14.270550, 13.145477, 5.610886
-14.337002, 13.145300, 5.616506
-14.403811, 13.145122, 5.621988
-14.470783, 13.144944, 5.627084
-14.537720, 13.144766, 5.631545
-14.604425, 13.144588, 5.635124
-14.670707, 13.144411, 5.637581
-14.736487, 13.144236, 5.638853
-14.801794, 13.144062, 5.639049
-14.866665, 13.143889, 5.638288
-14.931136, 13.143717, 5.636687
-14.995240, 13.143546, 5.634365
-15.059013, 13.143376, 5.631437
-15.122492, 13.143207, 5.628023
-15.185710, 13.143038, 5.624240
-15.248704, 13.142870, 5.620205
-15.311507, 13.142703, 5.616031
-15.374149, 13.142536, 5.611726
-15.436645, 13.142369, 5.607184
-15.499016, 13.142203, 5.602299
-15.561279, 13.142037, 5.596961
-15.623453, 13.141871, 5.591064
-15.685555, 13.141705, 5.584499
-15.747604, 13.141540, 5.577157
-15.809619, 13.141375, 5.568931
-15.871617, 13.141210, 5.559712
-15.933616, 13.141045, 5.549398
-15.995643, 13.140880, 5.538043
-16.057729, 13.140715, 5.525862
-16.119906, 13.140550, 5.513081
-16.182207, 13.140384, 5.499923
-16.244664, 13.140218, 5.486615
-16.307310, 13.140051, 5.473380
-16.370177, 13.139883, 5.460444
-16.433297, 13.139714, 5.448030
-16.496703, 13.139545, 5.436364
-16.560424, 13.139374, 5.425663
-16.624418, 13.139202, 5.415956
-16.688561, 13.139029, 5.407063
-16.752726, 13.138857, 5.398794
-16.816786, 13.138685, 5.390956
-16.880612, 13.138514, 5.383361
-16.944078, 13.138344, 5.375817
-17.007057, 13.138177, 5.368133
-17.069420, 13.138012, 5.360119
-17.131041, 13.137850, 5.351584
-17.191795, 13.137692, 5.342343
-17.251676, 13.137537, 5.332378
-17.310806, 13.137384, 5.321864
-17.369317, 13.137233, 5.310987
-17.427339, 13.137082, 5.299933
-17.485005, 13.136931, 5.288885
-17.542445, 13.136779, 5.278031
-17.599790, 13.136624, 5.267555
-17.657172, 13.136466, 5.257643
-17.714722, 13.136303, 5.248480
-17.772568, 13.136135, 5.240247
-17.830763, 13.135962, 5.232982
-17.889270, 13.135784, 5.226553
-17.948046, 13.135604, 5.220817
-18.007047, 13.135420, 5.215631
-18.066232, 13.135235, 5.210855
-18.125557, 13.135050, 5.206344
-18.184979, 13.134866, 5.201958
-18.244455, 13.134683, 5.197553
-18.303943, 13.134503, 5.192986
-18.363399, 13.134326, 5.188119
-18.422794, 13.134153, 5.182886
-18.482111, 13.133984, 5.177319
-18.541336, 13.133816, 5.171452
-18.600453, 13.133651, 5.165323
-18.659447, 13.133486, 5.158967
-18.718304, 13.133321, 5.152421
-18.777008, 13.133156, 5.145721
-18.835545, 13.132990, 5.138902
-18.893899, 13.132821, 5.132002
-18.952057, 13.132650, 5.125057
-19.010050, 13.132475, 5.118152
-19.067970, 13.132298, 5.111432
-19.125910, 13.132119, 5.105047
-19.183965, 13.131938, 5.099146
-19.242230, 13.131756, 5.093878
-19.300799, 13.131574, 5.089393
-19.359766, 13.131392, 5.085840
-19.419226, 13.131210, 5.083367
-19.479274, 13.131030, 5.082126
-19.540001, 13.130851, 5.082259
-19.601381, 13.130675, 5.083681
-19.663234, 13.130500, 5.086001
-19.725365, 13.130327, 5.088804
-19.787582, 13.130156, 5.091676
-19.849692, 13.129986, 5.094204
-19.911501, 13.129819, 5.095975
-19.972817, 13.129653, 5.096574
-20.033446, 13.129489, 5.095588
-20.093195, 13.129326, 5.092602
-20.151876, 13.129165, 5.087214
-20.209457, 13.129005, 5.079422
-20.266134, 13.128847, 5.069795
-20.322115, 13.128689, 5.058942
-20.377611, 13.128531, 5.047473
-20.432832, 13.128373, 5.035996
-20.487988, 13.128215, 5.025121
-20.543289, 13.128056, 5.015457
-20.598945, 13.127895, 5.007614
-20.655166, 13.127733, 5.002200
-20.712158, 13.127569, 4.999813
-20.769975, 13.127403, 5.000390
-20.828442, 13.127236, 5.002914
-20.887367, 13.127067, 5.006294
-20.946561, 13.126898, 5.009437
-21.005832, 13.126729, 5.011253
-21.064988, 13.126560, 5.010648
-21.123840, 13.126393, 5.006532
-21.182194, 13.126226, 4.997813
-21.239861, 13.126061, 4.983398
-21.296652, 13.125899, 4.962210
-21.352521, 13.125739, 4.933910
-21.407641, 13.125582, 4.899279
-21.462200, 13.125425, 4.859191
-21.516388, 13.125270, 4.814517
-21.570395, 13.125116, 4.766132
-21.624410, 13.124961, 4.714908
-21.678623, 13.124807, 4.661719
-21.733223, 13.124651, 4.607438
-21.788399, 13.124494, 4.552938
-21.844339, 13.124335, 4.499060
-21.901079, 13.124175, 4.444703
-21.958417, 13.124013, 4.385708
-22.016132, 13.123849, 4.317650
-22.074002, 13.123685, 4.236105
-22.131805, 13.123521, 4.136645
-22.189320, 13.123357, 4.014848
-22.246325, 13.123194, 3.866286
-22.302598, 13.123031, 3.686536
-22.357916, 13.122870, 3.471171
-22.412062, 13.122711, 3.215853
-22.464965, 13.122554, 2.922196
-22.516804, 13.122398, 2.601550
-22.567779, 13.122242, 2.266167
-22.618091, 13.122085, 1.928294
-22.667941, 13.121927, 1.600183
-22.717529, 13.121767, 1.294084
-22.767056, 13.121605, 1.022245
-22.816722, 13.121438, 0.796917
-22.866729, 13.121267, 0.630350
-22.917274, 13.121090, 0.534690
-22.968443, 13.120909, 0.514010
-23.020122, 13.120727, 0.558643
-23.072177, 13.120547, 0.657582
-23.124478, 13.120375, 0.799820
-23.176892, 13.120213, 0.974352
-23.229286, 13.120066, 1.170172
-23.281529, 13.119937, 1.376273
-23.333487, 13.119830, 1.581649
-23.385029, 13.119749, 1.775294
-23.436024, 13.119698, 1.946258
-23.486456, 13.119672, 2.088559
-23.536519, 13.119654, 2.205017
-23.586425, 13.119625, 2.299357
-23.636387, 13.119563, 2.375302
-23.686618, 13.119451, 2.436577
-23.737332, 13.119267, 2.486905
-23.788741, 13.118994, 2.530010
-23.841059, 13.118611, 2.569616
-23.894498, 13.118098, 2.609446
-23.949271, 13.117437, 2.653210
-24.005415, 13.116622, 2.703055
-24.062650, 13.115678, 2.758251
-24.120661, 13.114629, 2.817754
-24.179133, 13.113503, 2.880522
-24.237751, 13.112326, 2.945514
-24.296200, 13.111123, 3.011688
-24.354165, 13.109920, 3.078001
-24.411330, 13.108745, 3.143411
-24.467381, 13.107623, 3.206876
-24.522005, 13.106580, 3.267358
-24.575081, 13.105629, 3.324288
-24.626859, 13.104760, 3.378002
-24.677632, 13.103960, 3.428936
-24.727692, 13.103215, 3.477529
-24.777331, 13.102512, 3.524218
-24.826842, 13.101837, 3.569439
-24.876518, 13.101177, 3.613631
-24.926650, 13.100519, 3.657231
-24.977532, 13.099848, 3.700676
-25.029454, 13.099152, 3.744402
-25.082600, 13.098423, 3.788684
-25.136935, 13.097661, 3.833467
-25.192400, 13.096870, 3.878662
-25.248934, 13.096053, 3.924176
-25.306476, 13.095212, 3.969919
-25.364968, 13.094350, 4.015798
-25.424347, 13.093469, 4.061723
-25.484556, 13.092574, 4.107602
-25.545532, 13.091666, 4.153343
-25.607216, 13.090748, 4.198857
-25.669494, 13.089822, 4.244057
-25.732145, 13.088890, 4.288876
-25.794934, 13.087953, 4.333245
-25.857624, 13.087011, 4.377099
-25.919981, 13.086066, 4.420368
-25.981767, 13.085119, 4.462987
-26.042749, 13.084171, 4.504888
-26.102690, 13.083223, 4.546004
-26.161354, 13.082276, 4.586267
-26.218508, 13.081330, 4.625610
-26.274072, 13.080388, 4.663980
-26.328307, 13.079451, 4.701352
-26.381521, 13.078519, 4.737707
-26.434019, 13.077594, 4.773023
-26.486107, 13.076677, 4.807281
-26.538091, 13.075770, 4.840459
-26.590277, 13.074874, 4.872538
-26.642972, 13.073990, 4.903498
-26.696482, 13.073120, 4.933317
-26.751111, 13.072265, 4.961976
-26.807022, 13.071425, 4.989441
-26.864048, 13.070597, 5.015646
-26.921977, 13.069780, 5.040523
-26.980598, 13.068969, 5.064004
-27.039699, 13.068163, 5.086018
-27.099068, 13.067359, 5.106497
-27.158495, 13.066553, 5.125373
-27.217768, 13.065743, 5.142576
-27.276674, 13.064927, 5.158037
-27.335003, 13.064101, 5.171689
-27.392656, 13.063262, 5.183605
-27.449798, 13.062403, 5.194200
-27.506632, 13.061516, 5.203938
-27.563363, 13.060594, 5.213281
-27.620193, 13.059630, 5.222694
-27.677327, 13.058617, 5.232639
-27.734967, 13.057547, 5.243580
-27.793318, 13.056414, 5.255980
-27.852583, 13.055209, 5.270302
-27.912966, 13.053927, 5.287009
-27.974568, 13.052552, 5.306286
-28.037241, 13.051054, 5.327633
-28.100798, 13.049402, 5.350445
-28.165052, 13.047563, 5.374118
-28.229818, 13.045503, 5.398049
-28.294908, 13.043191, 5.421632
-28.360136, 13.040594, 5.444264
-28.425315, 13.037680, 5.465341
-28.490259, 13.034415, 5.484257
-28.554781, 13.030768, 5.500411
-28.618762, 13.026725, 5.513456
-28.682250, 13.022322, 5.523716
-28.745323, 13.017603, 5.531617
-28.808059, 13.012613, 5.537590
-28.870533, 13.007395, 5.542060
-28.932823, 13.001994, 5.545457
-28.995006, 12.996454, 5.548208
-29.057158, 12.990818, 5.550743
-29.119358, 12.985131, 5.553488
-29.181682, 12.979436, 5.556871
-29.244170, 12.973758, 5.561175
-29.306771, 12.968069, 5.566287
-29.369416, 12.962330, 5.572030
-29.432034, 12.956503, 5.578226
-29.494557, 12.950551, 5.584698
-29.556917, 12.944435, 5.591269
-29.619044, 12.938119, 5.597761
-29.680868, 12.931564, 5.603996
-29.742322, 12.924733, 5.609798
-29.803336, 12.917587, 5.614989
-29.863903, 12.910100, 5.619466
-29.924195, 12.902278, 5.623340
-29.984412, 12.894130, 5.626755
-30.044755, 12.885666, 5.629858
-30.105425, 12.876898, 5.632795
-30.166623, 12.867836, 5.635711
-30.228550, 12.858489, 5.638753
-30.291407, 12.848868, 5.642067
-30.355394, 12.838984, 5.645797
-30.420713, 12.828847, 5.650091
-30.487436, 12.818478, 5.655030
-30.555261, 12.807927, 5.660511
-30.623818, 12.797251, 5.666394
-30.692735, 12.786506, 5.672542
-30.761643, 12.775749, 5.678817
-30.830169, 12.765035, 5.685080
-30.897943, 12.754421, 5.691192
-30.964595, 12.743964, 5.697017
-31.029753, 12.733719, 5.702415
-31.093048, 12.723744, 5.707249
-31.154270, 12.714057, 5.711383
-31.213711, 12.704567, 5.714698
-31.271754, 12.695160, 5.717075
-31.328785, 12.685722, 5.718394
-31.385189, 12.676142, 5.718538
-31.441350, 12.666304, 5.717388
-31.497655, 12.656096, 5.714824
-31.554487, 12.645405, 5.710729
-31.612232, 12.634116, 5.704984
-31.671274, 12.622117, 5.697471
-31.731867, 12.609334, 5.688175
-31.793840, 12.595826, 5.677424
-31.856935, 12.581675, 5.665608
-31.920899, 12.566966, 5.653122
-31.985475, 12.551782, 5.640358
-32.050407, 12.536206, 5.627709
-32.115440, 12.520322, 5.615567
-32.180319, 12.504214, 5.604326
-32.244786, 12.487965, 5.594378
-32.308588, 12.471658, 5.586116
-32.371554, 12.455354, 5.579821
-32.433810, 12.439035, 5.575398
-32.495539, 12.422665, 5.572676
-32.556925, 12.406212, 5.571481
-32.618154, 12.389639, 5.571642
-32.679409, 12.372913, 5.572986
-32.740875, 12.355999, 5.575341
-32.802737, 12.338863, 5.578534
-32.865180, 12.321470, 5.582392
-32.928386, 12.303786, 5.586744
-32.992467, 12.285791, 5.591418
-33.057270, 12.267519, 5.596243
-33.122586, 12.249016, 5.601049
-33.188205, 12.230327, 5.605667
-33.253918, 12.211498, 5.609927
-33.319516, 12.192574, 5.613660
-33.384789, 12.173601, 5.616695
-33.449529, 12.154624, 5.618863
-33.513525, 12.135689, 5.619994
-33.576569, 12.116841, 5.619918
-33.638503, 12.098104, 5.618545
-33.699358, 12.079424, 5.616073
-33.759210, 12.060728, 5.612768
-33.818132, 12.041943, 5.608894
-33.876199, 12.022996, 5.604717
-33.933486, 12.003816, 5.600501
-33.990067, 11.984328, 5.596511
-34.046018, 11.964461, 5.593013
-34.101413, 11.944141, 5.590271
-34.156326, 11.923297, 5.588550
-34.210850, 11.901877, 5.588031
-34.265139, 11.879913, 5.588576
-34.319367, 11.857455, 5.589970
-34.373704, 11.834556, 5.591995
-34.428322, 11.811266, 5.594438
-34.483392, 11.787638, 5.597082
-34.539087, 11.763722, 5.599713
-34.595577, 11.739569, 5.602114
-34.653035, 11.715232, 5.604070
-34.711632, 11.690761, 5.605366
-34.771422, 11.666183, 5.605839
-34.831994, 11.641426, 5.605538
-34.892817, 11.616396, 5.604565
-34.953361, 11.590994, 5.603022
-35.013099, 11.565126, 5.601011
-35.071498, 11.538695, 5.598634
-35.128032, 11.511605, 5.595993
-35.182168, 11.483761, 5.593190
-35.233379, 11.455065, 5.590327
-35.281134, 11.425422, 5.587506
-35.325118, 11.394794, 5.584844
-35.365904, 11.363391, 5.582520
-35.404299, 11.331487, 5.580732
-35.441112, 11.299354, 5.579674
-35.477150, 11.267267, 5.579544
-35.513219, 11.235499, 5.580537
-35.550128, 11.204324, 5.582849
-35.588684, 11.174015, 5.586678
-35.629694, 11.144845, 5.592218
-35.673966, 11.117089, 5.599667
-35.722067, 11.090911, 5.609106
-35.773513, 11.065997, 5.620123
-35.827532, 11.041905, 5.632168
-35.883353, 11.018189, 5.644694
-35.940206, 10.994408, 5.657150
-35.997317, 10.970116, 5.668988
-36.053917, 10.944870, 5.679660
-36.109233, 10.918227, 5.688615
-36.162495, 10.889742, 5.695306
-36.212931, 10.858973, 5.699183
-36.259962, 10.825617, 5.699859
-36.303892, 10.790028, 5.697683
-36.345274, 10.752742, 5.693219
-36.384666, 10.714298, 5.687025
-36.422621, 10.675234, 5.679665
-36.459695, 10.636089, 5.671699
-36.496443, 10.597400, 5.663688
-36.533420, 10.559706, 5.656195
-36.571182, 10.523545, 5.649779
-36.610282, 10.489454, 5.645003
-36.651169, 10.457823, 5.642289
-36.693774, 10.428317, 5.641390
-36.737875, 10.400388, 5.641862
-36.783248, 10.373486, 5.643260
-36.829671, 10.347065, 5.645138
-36.876921, 10.320574, 5.647052
-36.924776, 10.293465, 5.648556
-36.973012, 10.265189, 5.649205
-37.021408, 10.235199, 5.648554
-37.069739, 10.202944, 5.646158
-37.117808, 10.167996, 5.641683
-37.165527, 10.130521, 5.635342
-37.212846, 10.090872, 5.627526
-37.259717, 10.049402, 5.618621
-37.306089, 10.006464, 5.609015
-37.351912, 9.962411, 5.599098
-37.397137, 9.917595, 5.589255
-37.441713, 9.872371, 5.579876
-37.485590, 9.827090, 5.571349
-37.528719, 9.782107, 5.564061
-37.571070, 9.737711, 5.558345
-37.612721, 9.693868, 5.554243
-37.653783, 9.650439, 5.551702
-37.694368, 9.607283, 5.550671
-37.734588, 9.564259, 5.551096
-37.774556, 9.521228, 5.552925
-37.814383, 9.478049, 5.556105
-37.854181, 9.434582, 5.560584
-37.894063, 9.390687, 5.566309
-37.934140, 9.346222, 5.573227
-37.974508, 9.301072, 5.581261
-38.015168, 9.255242, 5.590197
-38.056092, 9.208782, 5.599773
-38.097250, 9.161742, 5.609730
-38.138613, 9.114171, 5.619805
-38.180152, 9.066119, 5.629739
-38.221836, 9.017635, 5.639270
-38.263638, 8.968769, 5.648138
-38.305527, 8.919570, 5.656081
-38.347475, 8.870088, 5.662838
-38.389442, 8.820373, 5.668188
-38.431345, 8.770480, 5.672131
-38.473080, 8.720462, 5.674747
-38.514545, 8.670377, 5.676115
-38.555636, 8.620280, 5.676316
-38.596251, 8.570225, 5.675428
-38.636288, 8.520269, 5.673532
-38.675643, 8.470467, 5.670707
-38.714213, 8.420874, 5.667033
-38.751897, 8.371546, 5.662591
-38.788613, 8.322523, 5.657470
-38.824421, 8.273747, 5.651831
-38.859428, 8.225124, 5.645857
-38.893744, 8.176563, 5.639732
-38.927478, 8.127970, 5.633642
-38.960739, 8.079251, 5.627770
-38.993635, 8.030315, 5.622300
-39.026276, 7.981066, 5.617418
-39.058771, 7.931414, 5.613307
-39.091229, 7.881264, 5.610152
-39.123746, 7.830537, 5.608102
-39.156340, 7.779248, 5.607090
-39.188998, 7.727444, 5.606964
-39.221706, 7.675175, 5.607572
-39.254452, 7.622488, 5.608762
-39.287223, 7.569433, 5.610381
-39.320005, 7.516059, 5.612278
-39.352785, 7.462413, 5.614300
-39.385551, 7.408546, 5.616295
-39.418289, 7.354504, 5.618111
-39.450984, 7.300336, 5.619617
-39.483610, 7.246068, 5.620816
-39.516137, 7.191724, 5.621767
-39.548532, 7.137326, 5.622528
-39.580766, 7.082894, 5.623160
-39.612807, 7.028450, 5.623720
-39.644623, 6.974018, 5.624267
-39.676186, 6.919618, 5.624860
-39.707462, 6.865272, 5.625558
-39.738422, 6.811002, 5.626420
-39.769034, 6.756824, 5.627491
-39.799270, 6.702710, 5.628717
-39.829103, 6.648614, 5.630005
-39.858505, 6.594491, 5.631261
-39.887448, 6.540295, 5.632389
-39.915905, 6.485980, 5.633297
-39.943848, 6.431500, 5.633890
-39.971250, 6.376810, 5.634073
-39.998083, 6.321864, 5.633752
-40.024320, 6.266615, 5.632834
-40.049943, 6.211025, 5.631245
-40.075020, 6.155101, 5.629067
-40.099652, 6.098872, 5.626450
-40.123942, 6.042367, 5.623546
-40.147993, 5.985614, 5.620503
-40.171905, 5.928643, 5.617474
-40.195783, 5.871481, 5.614608
-40.219728, 5.814158, 5.612056
-40.243843, 5.756703, 5.609968
-40.268229, 5.699143, 5.608495
-40.292966, 5.641505, 5.607766
-40.317943, 5.583788, 5.607747
-40.342967, 5.525982, 5.608328
-40.367842, 5.468074, 5.609401
-40.392372, 5.410054, 5.610856
-40.416364, 5.351910, 5.612583
-40.439621, 5.293631, 5.614473
-40.461949, 5.235205, 5.616417
-40.483152, 5.176621, 5.618306
-40.503035, 5.117868, 5.620029
-40.521444, 5.058937, 5.621485
-40.538548, 4.999850, 5.622632
-40.554672, 4.940641, 5.623458
-40.570142, 4.881345, 5.623949
-40.585282, 4.821996, 5.624094
-40.600420, 4.762630, 5.623878
-40.615881, 4.703281, 5.623291
-40.631990, 4.643984, 5.622318
-40.649072, 4.584773, 5.620948
-40.667455, 4.525683, 5.619167
-40.687415, 4.466744, 5.616975
-40.708818, 4.407935, 5.614478
-40.731328, 4.349213, 5.611831
-40.754605, 4.290533, 5.609192
-40.778310, 4.231852, 5.606719
-40.802105, 4.173125, 5.604569
-40.825651, 4.114309, 5.602899
-40.848609, 4.055358, 5.601867
-40.870640, 3.996231, 5.601629
-40.891404, 3.936881, 5.602343
-40.910602, 3.877272, 5.604146
-40.928272, 3.817421, 5.606996
-40.944628, 3.757374, 5.610760
-40.959888, 3.697179, 5.615301
-40.974266, 3.636883, 5.620484
-40.987980, 3.576531, 5.626173
-41.001245, 3.516172, 5.632234
-41.014278, 3.455851, 5.638531
-41.027295, 3.395616, 5.644929
-41.040512, 3.335514, 5.651292
-41.054121, 3.275584, 5.657486
-41.068095, 3.215811, 5.663389
-41.082286, 3.156146, 5.668885
-41.096543, 3.096541, 5.673858
-41.110718, 3.036947, 5.678191
-41.124662, 2.977318, 5.681770
-41.138225, 2.917603, 5.684478
-41.151259, 2.857756, 5.686198
-41.163614, 2.797727, 5.686816
-41.175140, 2.737470, 5.686215
-41.185711, 2.676937, 5.684299
-41.195402, 2.616115, 5.681152
-41.204405, 2.555004, 5.676966
-41.212915, 2.493607, 5.671931
-41.221123, 2.431926, 5.666237
-41.229224, 2.369962, 5.660075
-41.237411, 2.307716, 5.653637
-41.245878, 2.245191, 5.647114
-41.254817, 2.182389, 5.640695
-41.264423, 2.119311, 5.634572
-41.274865, 2.055965, 5.628923
-41.286068, 1.992418, 5.623806
-41.297815, 1.928769, 5.619205
-41.309886, 1.865120, 5.615103
-41.322062, 1.801572, 5.611483
-41.334123, 1.738226, 5.608330
-41.345849, 1.675185, 5.605626
-41.357021, 1.612547, 5.603356
-41.367419, 1.550416, 5.601502
-41.376823, 1.488892, 5.600049
-41.385039, 1.428061, 5.598981
-41.392128, 1.367843, 5.598293
-41.398312, 1.308059, 5.597989
-41.403813, 1.248525, 5.598069
-41.408855, 1.189061, 5.598538
-41.413662, 1.129484, 5.599398
-41.418455, 1.069612, 5.600650
-41.423459, 1.009264, 5.602298
-41.428896, 0.948257, 5.604343
-41.434990, 0.886409, 5.606790
-41.441944, 0.823557, 5.609635
-41.449738, 0.759743, 5.612828
-41.458209, 0.695140, 5.616288
-41.467191, 0.629925, 5.619934
-41.476519, 0.564273, 5.623682
-41.486028, 0.498361, 5.627452
-41.495554, 0.432363, 5.631162
-41.504929, 0.366457, 5.634729
-41.513990, 0.300817, 5.638071
-41.522570, 0.235620, 5.641108
-41.530517, 0.171028, 5.643761
-41.537815, 0.107060, 5.646024
-41.544542, 0.043632, 5.647933
-41.550777, -0.019338, 5.649524
-41.556598, -0.081934, 5.650834
-41.562086, -0.144238, 5.651902
-41.567318, -0.206335, 5.652765
-41.572375, -0.268307, 5.653458
-41.577334, -0.330238, 5.654021
-41.582276, -0.392211, 5.654490
-41.587274, -0.454305, 5.654897
-41.592348, -0.516553, 5.655227
-41.597479, -0.578956, 5.655424
-41.602647, -0.641512, 5.655436
-41.607831, -0.704223, 5.655209
-41.613013, -0.767087, 5.654690
-41.618171, -0.830104, 5.653824
-41.623287, -0.893273, 5.652558
-41.628340, -0.956596, 5.650839
-41.633310, -1.020070, 5.648612
-41.638179, -1.083694, 5.645833
-41.642945, -1.147437, 5.642584
-41.647617, -1.211248, 5.639035
-41.652207, -1.275075, 5.635361
-41.656724, -1.338868, 5.631733
-41.661180, -1.402574, 5.628327
-41.665584, -1.466143, 5.625315
-41.669948, -1.529522, 5.622869
-41.674281, -1.592661, 5.621165
-41.678593, -1.655507, 5.620374
-41.682895, -1.718016, 5.620657
-41.687172, -1.780216, 5.621981
-41.691397, -1.842194, 5.624170
-41.695540, -1.904038, 5.627045
-41.699573, -1.965837, 5.630426
-41.703465, -2.027677, 5.634134
-41.707189, -2.089647, 5.637989
-41.710714, -2.151835, 5.641812
-41.714012, -2.214328, 5.645423
-41.717054, -2.277214, 5.648644
-41.719813, -2.340575, 5.651304
-41.722297, -2.404380, 5.653389
-41.724544, -2.468515, 5.655001
-41.726589, -2.532863, 5.656249
-41.728472, -2.597305, 5.657239
-41.730227, -2.661727, 5.658079
-41.731893, -2.726009, 5.658875
-41.733507, -2.790036, 5.659734
-41.735106, -2.853690, 5.660764
-41.736727, -2.916853, 5.662071
-41.738405, -2.979419, 5.663756
-41.740150, -3.041425, 5.665817
-41.741954, -3.103031, 5.668168
-41.743804, -3.164398, 5.670720
-41.745690, -3.225687, 5.673386
-41.747602, -3.287060, 5.676078
-41.749529, -3.348678, 5.678707
-41.751460, -3.410702, 5.681185
-41.753384, -3.473294, 5.683424
-41.755290, -3.536616, 5.685337
-41.757169, -3.600819, 5.686838
-41.759019, -3.665881, 5.687915
-41.760846, -3.731636, 5.688615
-41.762657, -3.797911, 5.688986
-41.764458, -3.864537, 5.689075
-41.766254, -3.931340, 5.688932
-41.768054, -3.998152, 5.688604
-41.769862, -4.064799, 5.688140
-41.771685, -4.131110, 5.687588
-41.773530, -4.196916, 5.686996
-41.775402, -4.262050, 5.686409
-41.777293, -4.326482, 5.685810
-41.779182, -4.390294, 5.685125
-41.781049, -4.453574, 5.684281
-41.782873, -4.516408, 5.683202
-41.784634, -4.578885, 5.681815
-41.786310, -4.641090, 5.680045
-41.787882, -4.703111, 5.677818
-41.789327, -4.765034, 5.675059
-41.790626, -4.826948, 5.671694
-41.791759, -4.888936, 5.667654
-41.792732, -4.951033, 5.662989
-41.793573, -5.013227, 5.657857
-41.794310, -5.075503, 5.652417
-41.794973, -5.137851, 5.646832
-41.795592, -5.200254, 5.641260
-41.796193, -5.262702, 5.635865
-41.796808, -5.325179, 5.630805
-41.797464, -5.387674, 5.626243
-41.798192, -5.450171, 5.622338
-41.799018, -5.512660, 5.619242
-41.799947, -5.575150, 5.616893
-41.800960, -5.637671, 5.615030
-41.802040, -5.700256, 5.613385
-41.803166, -5.762936, 5.611688
-41.804321, -5.825742, 5.609671
-41.805485, -5.888706, 5.607066
-41.806639, -5.951859, 5.603603
-41.807764, -6.015234, 5.599013
-41.808842, -6.078861, 5.593029
-41.809853, -6.142770, 5.585396
-41.810794, -6.206949, 5.576222
-41.811671, -6.271343, 5.565962
-41.812495, -6.335896, 5.555090
-41.813273, -6.400553, 5.544076
-41.814013, -6.465258, 5.533393
-41.814726, -6.529955, 5.523512
-41.815419, -6.594588, 5.514905
-41.816101, -6.659101, 5.508045
-41.816780, -6.723439, 5.503402
-41.817466, -6.787545, 5.501435
-41.818161, -6.851378, 5.502269
-41.818863, -6.914911, 5.505686
-41.819570, -6.978114, 5.511456
-41.820278, -7.040961, 5.519349
-41.820987, -7.103424, 5.529132
-41.821692, -7.165476, 5.540574
-41.822393, -7.227088, 5.553445
-41.823085, -7.288233, 5.567513
-41.823768, -7.348883, 5.582548
-41.824438, -7.409014, 5.598316
-41.825094, -7.468681, 5.614573
-41.825738, -7.528020, 5.631056
-41.826369, -7.587174, 5.647504
-41.826989, -7.646284, 5.663654
-41.827598, -7.705493, 5.679243
-41.828197, -7.764941, 5.694011
-41.828786, -7.824771, 5.707695
-41.829366, -7.885125, 5.720031
-41.829938, -7.946144, 5.730759
-41.830502, -8.007967, 5.739622
-41.831059, -8.070621, 5.746517
-41.831609, -8.134014, 5.751514
-41.832150, -8.198049, 5.754692
-41.832684, -8.262627, 5.756128
-41.833209, -8.327649, 5.755899
-41.833726, -8.393018, 5.754084
-41.834234, -8.458634, 5.750762
-41.834734, -8.524401, 5.746009
-41.835224, -8.590218, 5.739904
-41.835705, -8.655990, 5.732526
-41.836178, -8.721630, 5.724002
-41.836641, -8.787073, 5.714510
-41.837098, -8.852250, 5.704233
-41.837547, -8.917094, 5.693354
-41.837990, -8.981538, 5.682054
-41.838428, -9.045515, 5.670515
-41.838862, -9.108957, 5.658921
-41.839291, -9.171798, 5.647453
-41.839718, -9.233971, 5.636294
-41.840141, -9.295411, 5.625626
-41.840561, -9.356164, 5.615636
-41.840973, -9.416406, 5.606515
-41.841372, -9.476320, 5.598456
-41.841754, -9.536089, 5.591652
-41.842115, -9.595896, 5.586295
-41.842450, -9.655925, 5.582576
-41.842755, -9.716359, 5.580689
-41.843025, -9.777380, 5.580825
-41.843257, -9.839173, 5.583177
-41.843446, -9.901916, 5.587929
-41.843592, -9.965630, 5.594996
-41.843700, -10.030136, 5.603955
-41.843776, -10.095248, 5.614365
-41.843825, -10.160776, 5.625783
-41.843854, -10.226532, 5.637766
-41.843867, -10.292326, 5.649872
-41.843871, -10.357971, 5.661660
-41.843871, -10.423277, 5.672685
-41.843872, -10.488057, 5.682507
-41.843881, -10.552123, 5.690688
-41.843899, -10.615425, 5.697035
-41.843927, -10.678080, 5.701665
-41.843962, -10.740217, 5.704716
-41.844005, -10.801966, 5.706326
-41.844053, -10.863456, 5.706633
-41.844107, -10.924817, 5.705775
-41.844164, -10.986179, 5.703890
-41.844223, -11.047669, 5.701116
-41.844284, -11.109419, 5.697590
-41.844346, -11.171555, 5.693452
-41.844407, -11.234110, 5.688845
-41.844467, -11.296995, 5.683922
-41.844524, -11.360107, 5.678835
-41.844577, -11.423347, 5.673736
-41.844625, -11.486615, 5.668779
-41.844668, -11.549811, 5.664116
-41.844705, -11.612833, 5.659900
-41.844733, -11.675583, 5.656283
-41.844753, -11.737960, 5.653419
-41.844764, -11.799865, 5.651455
-41.844764, -11.861290, 5.650335
-41.844755, -11.922351, 5.649716
-41.844739, -11.983171, 5.649232
-41.844716, -12.043878, 5.648519
-41.844687, -12.104595, 5.647214
-41.844654, -12.165447, 5.644951
-41.844616, -12.226560, 5.641366
-41.844577, -12.288058, 5.636094
-41.844536, -12.350067, 5.628772
-41.844494, -12.412710, 5.619042
-41.844453, -12.476015, 5.606937
-41.844411, -12.539873, 5.593054
-41.844369, -12.604164, 5.578035
-41.844327, -12.668769, 5.562520
-41.844283, -12.733568, 5.547153
-41.844237, -12.798441, 5.532574
-41.844190, -12.863268, 5.519424
-41.844142, -12.927930, 5.508346
-41.844090, -12.992307, 5.499980
-41.844036, -13.056280, 5.494962
-41.843980, -13.119812, 5.493553
-41.843920, -13.182985, 5.495451
-41.843857, -13.245894, 5.500307
-41.843790, -13.308632, 5.507771
-41.843720, -13.371292, 5.517495
-41.843646, -13.433968, 5.529129
-41.843568, -13.496753, 5.542325
-41.843485, -13.559740, 5.556733
-41.843399, -13.623024, 5.572004
-41.843308, -13.686695, 5.587791
-41.843212, -13.750725, 5.603822
-41.843112, -13.814895, 5.619946
-41.843009, -13.878971, 5.636022
-41.842904, -13.942716, 5.651910
-41.842797, -14.005896, 5.667468
-41.842689, -14.068277, 5.682557
-41.842580, -14.129623, 5.697035
-41.842471, -14.189698, 5.710762
-41.842362, -14.248269, 5.723598
-41.842256, -14.305102, 5.735402
-41.842151, -14.360123, 5.746059
-41.842047, -14.413513, 5.755501
-41.841945, -14.465480, 5.763661
-41.841843, -14.516229, 5.770473
-41.841743, -14.565968, 5.775869
-41.841643, -14.614902, 5.779786
-41.841543, -14.663239, 5.782155
-41.841444, -14.711184, 5.782911
-41.841344, -14.758943, 5.781988
-41.841244, -14.806724, 5.779320
-41.841142, -14.854710, 5.774891
-41.841033, -14.903047, 5.768770
-41.840912, -14.951878, 5.761034
-41.840775, -15.001344, 5.751760
-41.840616, -15.051589, 5.741025
-41.840431, -15.102755, 5.728906
-41.840215, -15.154984, 5.715479
-41.839962, -15.208418, 5.700822
-41.839669, -15.263200, 5.685011
-41.839331, -15.319471, 5.668125
-41.838947, -15.377245, 5.650313
-41.838526, -15.436309, 5.631854
-41.838080, -15.496429, 5.613040
-41.837617, -15.557370, 5.594162
-41.837147, -15.618896, 5.575511
-41.836681, -15.680772, 5.557380
-41.836229, -15.742763, 5.540060
-41.835801, -15.804635, 5.523843
-41.835406, -15.866151, 5.509020
-41.835054, -15.927079, 5.495881
-41.834751, -15.987317, 5.484564
-41.834487, -16.047007, 5.474926
-41.834256, -16.106318, 5.466791
-41.834048, -16.165420, 5.459986
-41.833856, -16.224480, 5.454337
-41.833671, -16.283669, 5.449669
-41.833485, -16.343154, 5.445809
-41.833290, -16.403104, 5.442581
-41.833077, -16.463690, 5.439813
-41.832837, -16.525078, 5.437332
-41.832568, -16.587367, 5.435226
-41.832271, -16.650523, 5.434085
-41.831951, -16.714494, 5.434556
-41.831610, -16.779231, 5.437283
-41.831254, -16.844682, 5.442914
-41.830886, -16.910797, 5.452094
-41.830510, -16.977527, 5.465470
-41.830129, -17.044819, 5.483687
-41.829748, -17.112625, 5.507392
-41.829370, -17.180892, 5.537226
-41.828999, -17.249497, 5.573166
-41.828634, -17.318167, 5.613854
-41.828275, -17.386613, 5.657777
-41.827924, -17.454545, 5.703419
-41.827580, -17.521673, 5.749265
-41.827244, -17.587709, 5.793800
-41.826916, -17.652363, 5.835510
-41.826597, -17.715345, 5.872879
-41.826285, -17.776366, 5.904393
-41.825983, -17.835137, 5.928541
-41.825689, -17.891538, 5.944501
-41.825402, -17.945797, 5.952892
-41.825119, -17.998186, 5.954511
-41.824840, -18.048978, 5.950155
-41.824562, -18.098447, 5.940624
-41.824283, -18.146863, 5.926714
-41.824002, -18.194501, 5.909224
-41.823717, -18.241632, 5.888951
-41.823425, -18.288528, 5.866693
-41.823125, -18.335464, 5.843247
-41.822817, -18.382683, 5.819267
-41.822502, -18.430373, 5.795094
-41.822181, -18.478713, 5.771027
-41.821858, -18.527883, 5.747365
-41.821534, -18.578062, 5.724410
-41.821211, -18.629428, 5.702459
-41.820892, -18.682163, 5.681814
-41.820577, -18.736444, 5.662774
-41.820271, -18.792452, 5.645639
-41.819973, -18.850364, 5.630707
-41.819686, -18.910224, 5.618071
-41.819404, -18.971766, 5.607356
-41.819125, -19.034682, 5.598123
-41.818843, -19.098664, 5.589932
-41.818554, -19.163404, 5.582344
-41.818255, -19.228593, 5.574918
-41.817941, -19.293924, 5.567216
-41.817607, -19.359088, 5.558798
-41.817250, -19.423777, 5.549224
-41.816865, -19.487684, 5.538056
-41.816451, -19.550630, 5.525178
-41.816011, -19.612741, 5.511237
-41.815551, -19.674189, 5.496991
-41.815074, -19.735145, 5.483197
-41.814586, -19.795780, 5.470613
-41.814091, -19.856264, 5.459996
-41.813594, -19.916769, 5.452104
-41.813101, -19.977465, 5.447694
-41.812615, -20.038524, 5.447524
-41.812141, -20.100116, 5.452349
-41.811682, -20.162345, 5.462491
-41.811238, -20.225152, 5.477193
-41.810804, -20.288450, 5.495535
-41.810378, -20.352155, 5.516597
-41.809959, -20.416181, 5.539460
-41.809544, -20.480443, 5.563203
-41.809131, -20.544855, 5.586909
-41.808716, -20.609332, 5.609655
-41.808298, -20.673789, 5.630524
-41.807874, -20.738141, 5.648596
-41.807442, -20.802319, 5.663294
-41.807004, -20.866301, 5.674926
-41.806558, -20.930072, 5.683937
-41.806106, -20.993615, 5.690774
-41.805648, -21.056915, 5.695884
-41.805184, -21.119957, 5.699714
-41.804715, -21.182725, 5.702709
-41.804242, -21.245203, 5.705317
-41.803765, -21.307376, 5.707984
-41.803284, -21.369228, 5.711156
-41.802800, -21.430768, 5.715106
-41.802312, -21.492067, 5.719638
-41.801822, -21.553208, 5.724480
-41.801330, -21.614276, 5.729359
-41.800835, -21.675351, 5.734001
-41.800339, -21.736518, 5.738134
-41.799840, -21.797859, 5.741484
-41.799341, -21.859457, 5.743779
-41.798839, -21.921396, 5.744746
-41.798337, -21.983757, 5.744111
-41.797834, -22.046579, 5.741717
-41.797331, -22.109774, 5.737727
-41.796829, -22.173232, 5.732359
-41.796328, -22.236842, 5.725832
-41.795830, -22.300495, 5.718365
-41.795335, -22.364081, 5.710178
-41.794844, -22.427488, 5.701489
-41.794357, -22.490608, 5.692518
-41.793875, -22.553330, 5.683482
-41.793400, -22.615545, 5.674602
-41.792931, -22.677194, 5.666033
-41.792468, -22.738374, 5.657751
-41.792010, -22.799211, 5.649694
-41.791556, -22.859829, 5.641805
-41.791105, -22.920353, 5.634023
-41.790656, -22.980908, 5.626290
-41.790208, -23.041619, 5.618546
-41.789760, -23.102611, 5.610732
-41.789312, -23.164008, 5.602788
-41.788862, -23.225936, 5.594655
-41.788410, -23.288465, 5.586327
-41.787955, -23.351500, 5.577964
-41.787497, -23.414915, 5.569756
-41.787037, -23.478582, 5.561894
-41.786573, -23.542376, 5.554568
-41.786106, -23.606168, 5.547968
-41.785635, -23.669833, 5.542285
-41.785161, -23.733244, 5.537710
-41.784683, -23.796274, 5.534433
-41.784201, -23.858796, 5.532645
-41.783715, -23.920736, 5.532462
-41.783225, -23.982183, 5.533764
-41.782734, -24.043262, 5.536384
-41.782243, -24.104094, 5.540155
-41.781751, -24.164805, 5.544911
-41.781262, -24.225517, 5.550483
-41.780775, -24.286354, 5.556706
-41.780291, -24.347438, 5.563411
-41.779813, -24.408894, 5.570432
-41.779341, -24.470845, 5.577602
-41.778876, -24.533371, 5.584791
-41.778417, -24.596407, 5.591996
-41.777963, -24.659859, 5.599238
-41.777513, -24.723631, 5.606540
-41.777065, -24.787630, 5.613924
-41.776619, -24.851759, 5.621413
-41.776174, -24.915925, 5.629029
-41.775728, -24.980032, 5.636794
-41.775280, -25.043985, 5.644732
-41.774829, -25.107691, 5.652863
-41.774374, -25.171083, 5.661177
-41.773916, -25.234201, 5.669546
-41.773455, -25.297105, 5.677816
-41.772991, -25.359859, 5.685833
-41.772525, -25.422523, 5.693444
-41.772058, -25.485159, 5.700494
-41.771590, -25.547829, 5.706831
-41.771121, -25.610594, 5.712299
-41.770653, -25.673516, 5.716747
-41.770185, -25.736656, 5.720019
-41.769718, -25.800057, 5.722007
-41.769252, -25.863690, 5.722772
-41.768788, -25.927508, 5.722409
-41.768325, -25.991466, 5.721016
-41.767864, -26.055519, 5.718691
-41.767404, -26.119621, 5.715529
-41.766948, -26.183725, 5.711629
-41.766493, -26.247788, 5.707088
-41.766041, -26.311763, 5.702002
-41.765592, -26.375605, 5.696470
-41.765145, -26.439267, 5.690587
-41.764702, -26.502705, 5.684451
-41.764262, -26.565872, 5.678160
-41.763826, -26.628724, 5.671811
-41.763393, -26.691214, 5.665499
-41.762964, -26.753297, 5.659324
-41.762539, -26.814927, 5.653382
-41.762119, -26.876060, 5.647770
-41.761703, -26.936648, 5.642585
-41.761292, -26.996647, 5.637924