-41.89519119262695, 0.7905889749526978, 0.6491706359892541
-41.88628387451172, 0.2579609155654907, 1.7033901985531328
-41.87779998779297, -0.2855819761753082, 2.54604206520956
-41.86982345581055, -0.8154465556144714, 3.1265608531616027
-41.86164093017578, -1.3851650953292847, 3.6635316260956934
-41.85491180419922, -1.937387466430664, 4.103785945956115
-41.85399627685547, -2.5574026107788086, 4.513413506862304
-41.85258102416992, -3.090200662612915, 4.865244181170622
-41.849632263183594, -3.6544599533081055, 5.185671637496401
-41.84674072265625, -4.234772682189941, 5.234294485666651
-41.8448486328125, -4.827462196350098, 5.445346146074795
-41.84341049194336, -5.423409938812256, 5.760611290078139
-41.84455871582031, -6.050688743591309, 5.891803450456759
-41.84505844116211, -6.678203105926514, 5.750030703345287
-41.84467315673828, -7.308784484863281, 5.561977993092036
-41.84457015991211, -7.877213001251221, 5.468151741899373
-41.844696044921875, -8.476840019226074, 5.455328850848467
-41.84498977661133, -9.108992576599121, 5.623179356643147
-41.84540939331055, -9.733884811401367, 5.753598678877796
-41.84469985961914, -10.360597610473633, 5.7849670095406545
-41.84291076660156, -11.030787467956543, 5.734826721426928
-41.842864990234375, -11.68766975402832, 5.591352166924396
-41.84170150756836, -12.319894790649414, 5.538106335274152
-41.84071350097656, -12.941071510314941, 5.522072804533307
-41.839881896972656, -13.544575691223145, 5.642364945334681
-41.83899688720703, -14.179109573364258, 5.762538590894562
-41.837684631347656, -14.842151641845703, 5.767160995351938
-41.83540344238281, -15.439335823059082, 5.66897019869895
-41.83168411254883, -16.070297241210938, 5.545176401430002
-41.829349517822266, -16.68126106262207, 5.522370636037661
-41.82636642456055, -17.275999069213867, 5.639194068486064
-41.82337951660156, -17.886343002319336, 5.756325051398075
-41.82026672363281, -18.503156661987305, 5.802541734509353
-41.817100524902344, -19.115856170654297, 5.702344235842126
-41.81268310546875, -19.69278907775879, 5.5791016982995085
-41.8100471496582, -20.279682159423828, 5.488499344088752
-41.805137634277344, -20.913009643554688, 5.5145613096979735
-41.801795959472656, -21.48206901550293, 5.638505141276376
-41.79759979248047, -22.11048698425293, 5.722592264005826
-41.79364776611328, -22.714197158813477, 5.758314583127383
-41.78977584838867, -23.325660705566406, 5.695647895077219
-41.785560607910156, -23.915130615234375, 5.614332015499845
-41.78108215332031, -24.55255126953125, 5.528388204632247
-41.776695251464844, -25.177019119262695, 5.556411223513165
-41.7725830078125, -25.793474197387695, 5.685907530320703
-41.768001556396484, -26.442150115966797, 5.7939617286403555
-41.76353073120117, -27.07672119140625, 5.74647024532357
-41.75931930541992, -27.69270896911621, 5.619995382048605
-41.75627899169922, -28.26889419555664, 5.519174709799684
-41.75080108642578, -28.84584617614746, 5.501046994461051
-41.74654769897461, -29.453453063964844, 5.559545362934019
-41.74184799194336, -30.061798095703125, 5.642563244191456
-41.737430572509766, -30.678651809692383, 5.611103218374981
-41.73291778564453, -31.30242347717285, 5.4464983065771895
-41.728233337402344, -31.8992977142334, 5.2720645809469735
-41.72396469116211, -32.480228424072266, 5.127940067668402
-41.71965789794922, -33.0609016418457, 5.14998895353209
-41.71518325805664, -33.6396484375, 5.1605822910649115
-41.71186065673828, -34.228172302246094, 5.19224919076314
-41.706600189208984, -34.79275131225586, 5.117596301004837
-41.7023811340332, -35.3410758972168, 5.019747689113484
-41.69825744628906, -35.89536666870117, 4.99307144744385
-41.694515228271484, -36.42435073852539, 4.917392017395331
-41.6900634765625, -36.96870422363281, 4.7979296354304335
-41.6862678527832, -37.50923156738281, 4.711662371661179
-41.68229293823242, -38.03583526611328, 4.678790201256238
-41.67677688598633, -38.64522933959961, 4.160555016536263
-41.65831756591797, -39.21849822998047, 2.772832061926094
-41.644935607910156, -39.740318298339844, 1.3002704403133702
-41.62873458862305, -40.28373718261719, 2.31524277240127
-41.61274337768555, -40.81312942504883, 2.927854001681576
-41.59571075439453, -41.368709564208984, 3.496752440828274
-41.57947540283203, -41.890869140625, 3.9427604632004263
-41.56522750854492, -42.45832061767578, 4.3603175146595365
-41.54240798950195, -43.060142517089844, 4.247689600147379
-41.524818420410156, -43.604881286621094, 3.9232527877025505
-41.48545837402344, -44.16086959838867, 3.982549153074685
-41.41720962524414, -44.738304138183594, 4.339241321941752
-41.336116790771484, -45.34818649291992, 4.7101554339815825
-41.22187423706055, -45.89285659790039, 5.047541966404285
-41.07426071166992, -46.45041275024414, 5.173178252757564
-40.91096878051758, -47.00201416015625, 5.34031417558338
-40.7249755859375, -47.59115982055664, 5.587335351658911
-40.512718200683594, -48.21553039550781, 5.959334349582274
-40.32038116455078, -48.71439743041992, 5.896250120915583
-40.11505126953125, -49.17215347290039, 5.722526388954395
-39.84408187866211, -49.7505989074707, 5.550690517600516
-39.5718879699707, -50.29352951049805, 5.427761242690152
-39.25662612915039, -50.8229866027832, 5.39773905033228
-38.918025970458984, -51.35957336425781, 5.638987614307918
-38.65746307373047, -51.89728927612305, 5.790022689733948
-38.28319549560547, -52.28524398803711, 5.777816722206822
-37.96898651123047, -52.68281936645508, 5.735266274368474
-37.66986083984375, -53.17131805419922, 5.621214852137356
-37.26311492919922, -53.53598403930664, 5.557267843413713
-36.92686462402344, -53.91117858886719, 5.530714278806101
-36.589351654052734, -54.34795379638672, 5.540742136146155
-36.13038635253906, -54.673797607421875, 5.644793031108021
-35.758419036865234, -55.01242446899414, 5.7145731516565075
-35.277915954589844, -55.42350387573242, 5.688620079911911
-34.743953704833984, -55.80826187133789, 5.584748746915966
-34.22008514404297, -56.15547561645508, 5.570024944278077
-33.7922248840332, -56.45661544799805, 5.504715827660931
-33.219234466552734, -56.66135787963867, 5.614182474699288
-32.608253479003906, -56.918182373046875, 5.659786948288264
-31.978206634521484, -57.11281204223633, 5.686716886463771
-31.339784622192383, -57.27018737792969, 5.643453430643568
-30.714784622192383, -57.37910461425781, 5.632821830705046
-30.217451095581055, -57.452903747558594, 5.646798832104215
-29.670639038085938, -57.52040100097656, 5.652447338333661
-29.16495704650879, -57.572689056396484, 5.619968358010581
-28.64752960205078, -57.61660385131836, 5.6293540752669164
-28.112445831298828, -57.65289306640625, 5.6591977914771
-27.604145050048828, -57.68202209472656, 5.656855762488754
-27.08526039123535, -57.70117950439453, 5.6375016100773125
-26.417259216308594, -57.71683883666992, 5.624257547480547
-25.88136100769043, -57.7301025390625, 5.645405729830339
-25.372772216796875, -57.73722457885742, 5.653059822561245
-24.831689834594727, -57.74229049682617, 5.659801062470999
-24.2916202545166, -57.74554443359375, 5.619894126534831
-23.75806427001953, -57.74714660644531, 5.615416757208806
-23.212873458862305, -57.74497604370117, 5.633650438382024
-22.69849395751953, -57.74406051635742, 5.63731501269922
-22.162738800048828, -57.74114990234375, 5.673928243594056
-21.641447067260742, -57.73792266845703, 5.673332718289503
-21.10889434814453, -57.73347854614258, 5.672987553618412
-20.554201126098633, -57.72707748413086, 5.615221132564997
-20.049449920654297, -57.72383499145508, 5.607540463183751
-19.521827697753906, -57.71755599975586, 5.612384340888626
-18.993112564086914, -57.71147918701172, 5.624928970407307
-18.49241828918457, -57.70569610595703, 5.603532171079674
-17.93394660949707, -57.69875717163086, 5.639985092425954
-17.414039611816406, -57.69271469116211, 5.666299095775597
-16.893293380737305, -57.68771743774414, 5.680295040997033
-16.35739517211914, -57.68119430541992, 5.6809729646942655
-15.822311401367188, -57.67467498779297, 5.625623719481904
-15.292961120605469, -57.6685676574707, 5.618781821914086
-14.748980522155762, -57.66163635253906, 5.605279313037221
-14.2470064163208, -57.65555191040039, 5.5861278459298465
-13.746191024780273, -57.64976501464844, 5.60538846179089
-13.234427452087402, -57.64327621459961, 5.674275227858902
-12.716703414916992, -57.637298583984375, 5.6764397050597735
-12.215420722961426, -57.63095474243164, 5.682126514776524
-11.562003135681152, -57.623779296875, 5.6504230984736745
-11.042648315429688, -57.617835998535156, 5.638592370995005
-10.518489837646484, -57.61135482788086, 5.592928522640488
-9.989152908325195, -57.60514450073242, 5.607603026139694
-9.332109451293945, -57.59722900390625, 5.65455827747191
-8.810199737548828, -57.59126663208008, 5.670959225480617
-8.304163932800293, -57.58529281616211, 5.66104727185686
-7.792465686798096, -57.579261779785156, 5.63397425904227
-7.2612199783325195, -57.571956634521484, 5.632952861614086
-6.580591201782227, -57.562644958496094, 5.637157407114031
-6.067952632904053, -57.5560302734375, 5.661183703755687
-5.555551052093506, -57.549320220947266, 5.644462190150979
-5.020098686218262, -57.54224395751953, 5.671816781445267
-4.471953868865967, -57.53496551513672, 5.666053421546527
-3.9650259017944336, -57.527835845947266, 5.621193376156387
-3.453918933868408, -57.52050018310547, 5.604741370089583
-2.8956973552703857, -57.51313018798828, 5.612379200187374
-2.242159605026245, -57.50456237792969, 5.599499105791874
-1.7370498180389404, -57.50018310546875, 5.608144768543225
-1.23420250415802, -57.49418640136719, 5.683113008048882
-0.7064713835716248, -57.48716735839844, 5.679244542257642
-0.2018032819032669, -57.48204803466797, 5.669721055008134
0.33687740564346313, -57.47639083862305, 5.655931094189346
0.8552142977714539, -57.47028732299805, 5.636407996662027
1.4105480909347534, -57.46402359008789, 5.626789635951057
1.9327234029769897, -57.45834732055664, 5.607465144360646
2.5834546089172363, -57.45136642456055, 5.591521746667584
3.22328782081604, -57.44826126098633, 5.638767341397777
3.872868537902832, -57.444671630859375, 5.673854123227513
4.49678373336792, -57.440399169921875, 5.655693249814031
5.0264573097229, -57.43754196166992, 5.689331556138112
5.704250812530518, -57.43408966064453, 5.651802497018473
6.215577125549316, -57.43147659301758, 5.638422066485284
6.718500137329102, -57.429134368896484, 5.595168580269495
7.236522197723389, -57.42623519897461, 5.599434300614559
7.747772216796875, -57.42397689819336, 5.636822648916316
8.262213706970215, -57.42201232910156, 5.673384799694424
8.920747756958008, -57.42110824584961, 5.61586209531905
9.57958984375, -57.41887664794922, 5.64935617060012
10.092251777648926, -57.417884826660156, 5.633959743169421
10.599151611328125, -57.41688537597656, 5.620151324450975
11.107037544250488, -57.41566467285156, 5.641216952765026
11.638859748840332, -57.414608001708984, 5.672099102105471
12.158018112182617, -57.41379928588867, 5.649736832173237
12.694110870361328, -57.41263198852539, 5.605684634492154
13.198115348815918, -57.41159439086914, 5.608349718101835
13.872354507446289, -57.4116096496582, 5.647586024659796
14.532843589782715, -57.41089630126953, 5.674042152268406
15.069768905639648, -57.41012191772461, 5.694371728707194
15.582192420959473, -57.41019058227539, 5.6455102679084295
16.09090805053711, -57.40949630737305, 5.628038380827485
16.602840423583984, -57.4092903137207, 5.5963274225307265
17.11772346496582, -57.40885543823242, 5.625124081583749
17.786893844604492, -57.408870697021484, 5.626064991598285
18.452163696289062, -57.408382415771484, 5.617326838037925
18.965988159179688, -57.40830612182617, 5.625137232916506
19.48897933959961, -57.40847396850586, 5.6757268432691275
20.006549835205078, -57.40854263305664, 5.665701390134371
20.511240005493164, -57.40810012817383, 5.648679943105508
21.048263549804688, -57.40822982788086, 5.668400885788522
21.551294326782227, -57.40842819213867, 5.6288348262503085
22.072643280029297, -57.40826416015625, 5.643964964399201
22.609375, -57.40804672241211, 5.6159873213533436
23.111713409423828, -57.40802764892578, 5.5853619576345235
23.76064109802246, -57.40818786621094, 5.623811859857953
24.42050552368164, -57.408485412597656, 5.65975945136266
25.106380462646484, -57.40877151489258, 5.629682555311732
25.62649917602539, -57.40921401977539, 5.688472623115309
26.131935119628906, -57.40944290161133, 5.663337714482826
26.76921844482422, -57.40917205810547, 5.621332048215711
27.395835876464844, -57.409339904785156, 5.55769690841519
28.05756950378418, -57.40941619873047, 5.645400707240932
28.708253860473633, -57.40964889526367, 5.68491138616677
29.35247802734375, -57.40981674194336, 5.618710064650919
30.004894256591797, -57.409915924072266, 5.6270556963541125
30.51739501953125, -57.40983581542969, 5.640146857710259
31.023456573486328, -57.41007995605469, 5.657163715793135
31.657941818237305, -57.410369873046875, 5.608397016058716
32.28559112548828, -57.41035461425781, 5.6340891479011335
32.91828155517578, -57.41045379638672, 5.624742117197101
33.436031341552734, -57.410980224609375, 5.675886822661037
33.98763656616211, -57.41121292114258, 5.6999462604703375
34.510643005371094, -57.41143035888672, 5.646330069705464
35.024410247802734, -57.411468505859375, 5.634764219397893
35.65338134765625, -57.41199493408203, 5.600938934622091
36.24435043334961, -57.41193389892578, 5.595195545822401
36.89453125, -57.41221618652344, 5.607877236891293
37.4183235168457, -57.41257858276367, 5.653896891352037
38.0786018371582, -57.412723541259766, 5.700903784203778
38.58740234375, -57.41278839111328, 5.696611890419992
39.24235153198242, -57.41301727294922, 5.589038046175492
39.90732955932617, -57.41335678100586, 5.590981506008331
40.550567626953125, -57.41382598876953, 5.622579582246522
41.21356964111328, -57.41404724121094, 5.614201269923534
41.72415542602539, -57.41412353515625, 5.656434887689536
42.23903274536133, -57.4145393371582, 5.708614103611463
42.77667236328125, -57.41490936279297, 5.698928693852185
43.281951904296875, -57.41498565673828, 5.637980347861972
43.78781509399414, -57.415042877197266, 5.6072193594922926
44.43166732788086, -57.415164947509766, 5.571424306924597
45.05092239379883, -57.41569137573242, 5.57156364706884
45.55380630493164, -57.41581726074219, 5.678262851895477
46.18419647216797, -57.41590881347656, 5.6915481787622735
46.69024658203125, -57.41624450683594, 5.724930702431619
47.2265625, -57.41641616821289, 5.69834314949903
47.74965286254883, -57.41650390625, 5.628399382217598
48.41001510620117, -57.41692352294922, 5.567089942951275
49.06529998779297, -57.4172248840332, 5.523091108492016
49.566184997558594, -57.41754150390625, 5.617340075028404
50.10932540893555, -57.417762756347656, 5.72728417824346
50.766571044921875, -57.417728424072266, 5.725739766838288
51.29082489013672, -57.4182014465332, 5.656849096206999
51.94797897338867, -57.41812515258789, 5.5779048986933475
52.47674560546875, -57.418548583984375, 5.572155054828844
53.00909423828125, -57.419189453125, 5.637811590977866
53.67142105102539, -57.419002532958984, 5.611766551206459
54.17542266845703, -57.41917037963867, 5.685430169747072
54.68925094604492, -57.41964340209961, 5.710561477451844
55.362552642822266, -57.41952133178711, 5.676591985360595
55.87971878051758, -57.41996765136719, 5.623653500121598
56.52734375, -57.420135498046875, 5.561883046339146
57.18528747558594, -57.42051315307617, 5.550704815822919
57.83349609375, -57.42041015625, 5.582926873565023
58.49864196777344, -57.41596221923828, 5.738488888674518
59.0024528503418, -57.41274642944336, 5.763956112906425
59.51042175292969, -57.41107177734375, 5.719627053902252
60.01552200317383, -57.40781784057617, 5.631180290573355
60.67650604248047, -57.40412902832031, 5.524238649521484
61.27912521362305, -57.40003204345703, 5.52438784259283
61.88288116455078, -57.3959846496582, 5.610644369046047
62.528568267822266, -57.391380310058594, 5.739821357182638
63.13600540161133, -57.38748550415039, 5.768544512243012
63.74171829223633, -57.36921310424805, 5.678426389532291
64.36314392089844, -57.33851623535156, 5.568588309981535
64.86910247802734, -57.313270568847656, 5.55063491523929
65.4940185546875, -57.277523040771484, 5.5482868734587605
66.14376068115234, -57.2368049621582, 5.649353711274204
66.64315795898438, -57.20392608642578, 5.682299244494692
67.28311157226562, -57.159793853759766, 5.700549292294595
67.92479705810547, -57.11361312866211, 5.695887246122873
68.5273208618164, -57.05147171020508, 5.600439634055778
69.13341522216797, -56.96567916870117, 5.552658307932671
69.76219940185547, -56.8741340637207, 5.587492461108266
70.406982421875, -56.77128219604492, 5.646637665441744
71.03224182128906, -56.66706466674805, 5.669091767614723
71.56694793701172, -56.57444763183594, 5.687989834362806
72.20506286621094, -56.45918273925781, 5.695831381770935
72.70917510986328, -56.34385681152344, 5.622904101883564
73.21263885498047, -56.21128845214844, 5.571443670305818
73.80424499511719, -56.0560302734375, 5.574697058379181
74.29383850097656, -55.919700622558594, 5.627451349928299
74.91789245605469, -55.73902130126953, 5.678593762729924
75.407470703125, -55.59414291381836, 5.716374749205513
76.0278091430664, -55.405853271484375, 5.708649708021907
76.63510131835938, -55.20569610595703, 5.556024816172223
77.10027313232422, -54.95792770385742, 5.523410754015303
77.72608947753906, -54.77546691894531, 5.570212064777834
78.32571411132812, -54.52778625488281, 5.6554665210265975
78.91156768798828, -54.27677917480469, 5.677885208104107
79.37059020996094, -54.07607650756836, 5.6903375448209195
79.95134735107422, -53.81697463989258, 5.6338244024283455
80.53822326660156, -53.53746032714844, 5.574977285992519
81.1179428100586, -53.2196044921875, 5.597551007529486
81.68553161621094, -52.905609130859375, 5.607912769786056
82.24787902832031, -52.5826416015625, 5.71595929601904
82.6791763305664, -52.32878112792969, 5.719561651930792
83.1109619140625, -52.07126998901367, 5.712150467170581
83.65432739257812, -51.741825103759766, 5.621177981834084
84.21388244628906, -51.38322448730469, 5.531338513188427
84.62096405029297, -51.08824920654297, 5.5521638876279065
85.03387451171875, -50.78725814819336, 5.610392886917065
85.56257629394531, -50.39543533325195, 5.6854315657261845
85.96024322509766, -50.09080123901367, 5.719738375205665
86.36756896972656, -49.77467346191406, 5.705116172656468
86.76117706298828, -49.46595764160156, 5.670319103228725
87.15583038330078, -49.15203094482422, 5.641318295291786
87.67090606689453, -48.71943664550781, 5.547461321949172
88.03132629394531, -48.25569152832031, 5.55768481770804
88.40235137939453, -47.91288375854492, 5.626929092475471
88.89875793457031, -47.55465316772461, 5.690480240728449
89.26033782958984, -47.19549560546875, 5.778477852937693
89.62252807617188, -46.832088470458984, 5.742816165198966
89.98469543457031, -46.46399688720703, 5.682936882683482
90.3510513305664, -46.08649444580078, 5.588997538407661
90.7701644897461, -45.636024475097656, 5.466570771338684
91.0838394165039, -45.133583068847656, 5.49921692486522
91.50786590576172, -44.738861083984375, 5.68435909719405
91.83479309082031, -44.3301887512207, 5.80839937526518
92.16627502441406, -43.90449523925781, 5.836008294923784
92.474365234375, -43.503196716308594, 5.74223844257461
92.86918640136719, -42.98096466064453, 5.5854091234912415
93.25591278076172, -42.45814895629883, 5.480647925239599
93.6113052368164, -41.915916442871094, 5.507404674770341
93.8726577758789, -41.34600067138672, 5.680622358820485
94.14398193359375, -40.91842269897461, 5.75032971855728
94.49854278564453, -40.46415328979492, 5.774090785221909
94.76276397705078, -40.011741638183594, 5.694374795539734
95.02410125732422, -39.55719757080078, 5.620384936630492
95.28038024902344, -39.10441207885742, 5.5399686345438175
95.57730102539062, -38.524208068847656, 5.4860222951262
95.79305267333984, -38.057613372802734, 5.577559885529252
96.00772857666016, -37.59312438964844, 5.65206608642745
96.22789001464844, -37.10041046142578, 5.77628848841371
96.4522705078125, -36.58026123046875, 5.776202109817733
96.65353393554688, -36.107200622558594, 5.705773549053538
96.86450958251953, -35.60123825073242, 5.605629506333665
97.06455993652344, -35.111167907714844, 5.543072983085963
97.25352478027344, -34.62681198120117, 5.52455866431611
97.4142837524414, -34.13219451904297, 5.565104042536248
97.57766723632812, -33.604469299316406, 5.66174390359724
97.7389907836914, -33.08562088012695, 5.706738381735764
97.88134765625, -32.59951400756836, 5.707685710635954
98.02281951904297, -32.094547271728516, 5.6857065952314665
98.1587905883789, -31.601825714111328, 5.6528304827313915
98.29283142089844, -31.103084564208984, 5.580325056552781
98.44417572021484, -30.4742374420166, 5.543795450234287
98.53590393066406, -29.973983764648438, 5.578079055523439
98.63155364990234, -29.4381103515625, 5.676894185069738
98.72452545166016, -28.897335052490234, 5.728663280516085
98.81069946289062, -28.34419822692871, 5.715666725045871
98.89142608642578, -27.79743766784668, 5.657957106299658
98.96634674072266, -27.267738342285156, 5.603090038515878
99.03640747070312, -26.742387771606445, 5.553216270320602
99.08902740478516, -26.241912841796875, 5.5462204828253885
99.13007354736328, -25.73185157775879, 5.638132479042302
99.1754150390625, -25.183902740478516, 5.706948200549912
99.21617889404297, -24.628353118896484, 5.723505642177261
99.2397232055664, -24.08558464050293, 5.6959846064983095
99.2833023071289, -23.542688369750977, 5.636383822642097
99.30280303955078, -23.01688003540039, 5.592335277391669
99.33085632324219, -22.459449768066406, 5.561534229675632
99.3511962890625, -21.90431022644043, 5.571591127609961
99.36111450195312, -21.39483642578125, 5.640059865546662
99.37738037109375, -20.864654541015625, 5.695018620742612
99.38777923583984, -20.3236141204834, 5.701993310960684
99.3964614868164, -19.81593132019043, 5.662000936142749
99.40563201904297, -19.269901275634766, 5.60116381509808
99.41204071044922, -18.75046157836914, 5.582255646058485
99.4134750366211, -18.21214485168457, 5.606714739461582
99.41769409179688, -17.667388916015625, 5.6471317954244125
99.42068481445312, -17.11733055114746, 5.666482522342113
99.42372131347656, -16.598304748535156, 5.6431712363804865
99.42604064941406, -16.04160499572754, 5.60786568335064
99.42778015136719, -15.535797119140625, 5.576613049205857
99.4285888671875, -14.990890502929688, 5.553538425511444
99.4293212890625, -14.431668281555176, 5.540219295370487
99.4306411743164, -13.872554779052734, 5.546724025808475
99.42804718017578, -13.328702926635742, 5.569525208293766
99.42670440673828, -12.781289100646973, 5.577539286515092
99.42626953125, -12.247795104980469, 5.570663250006121
99.4244384765625, -11.696663856506348, 5.525370210810565
99.42296600341797, -11.178855895996094, 5.4643337230982265
99.421630859375, -10.662144660949707, 5.469754562345539
99.41990661621094, -10.15461540222168, 5.4691498197921105
99.4174575805664, -9.612571716308594, 5.493484886802867
99.41571044921875, -9.067910194396973, 5.505119038238493
99.41183471679688, -8.54729175567627, 5.508919045122948
99.4068374633789, -8.018975257873535, 5.475990831375292
99.40409088134766, -7.505946636199951, 5.43547056351442
99.40042877197266, -6.988478660583496, 5.399290768979112
99.39546966552734, -6.34464168548584, 5.365633020944435
99.39339447021484, -5.839771747589111, 5.377447921174309
99.38796997070312, -5.314515113830566, 5.426565094431348
99.38400268554688, -4.787265300750732, 5.457246793368752
99.37992858886719, -4.257631778717041, 5.438850451846554
99.37596130371094, -3.7207860946655273, 5.385271575335467
99.37171936035156, -3.182995557785034, 5.421309682965756
99.35973358154297, -2.6405062675476074, 5.582138269884467
99.32413482666016, -2.0875723361968994, 5.794177507089942
99.29825592041016, -1.5213258266448975, 5.874313788746675
99.21561431884766, -0.9242299199104309, 5.75630177147684
99.16194152832031, -0.3708896040916443, 5.59483154788393
99.1375503540039, 0.18044543266296387, 5.468669924290546
99.08094787597656, 0.711901068687439, 5.45396025269454
99.0323715209961, 1.26924729347229, 5.5452302082706435
99.0025863647461, 1.842282772064209, 5.71246966855357
98.92671966552734, 2.391674518585205, 5.800851267850061
98.85384368896484, 2.9673943519592285, 5.671632398110052
98.7156753540039, 3.5238025188446045, 5.567748636427804
98.48551177978516, 4.039571285247803, 5.5052037935786995
98.30047607421875, 4.581147193908691, 5.543747132743851
98.1421890258789, 5.100646018981934, 5.638756866609374
97.95723724365234, 5.609081268310547, 5.6770288490984315
97.71416473388672, 6.123236179351807, 5.591281021901159
97.42755889892578, 6.626519203186035, 5.595175750129992
97.16421508789062, 7.094932556152344, 5.655974704435026
96.87040710449219, 7.585899353027344, 5.619541882157958
96.53450775146484, 8.034270286560059, 5.509945679483326
96.17434692382812, 8.450942993164062, 5.563454242000788
95.76250457763672, 8.861828804016113, 5.613777550963778
95.34938049316406, 9.252113342285156, 5.744931787956266
95.04596710205078, 9.658244132995605, 5.716170184415649
94.57774353027344, 9.900854110717773, 5.632826498617126
94.12940979003906, 10.217556953430176, 5.615278362850415
93.66311645507812, 10.538031578063965, 5.5893590125789
93.17379760742188, 10.838801383972168, 5.527541368094671
92.6591567993164, 11.110283851623535, 5.564963187686247
92.16633605957031, 11.362715721130371, 5.693621045995026
91.62771606445312, 11.624592781066895, 5.7349768180875005
91.08196258544922, 11.851747512817383, 5.661778074763564
90.52421569824219, 12.05100154876709, 5.604458702776222
89.97154998779297, 12.24517822265625, 5.574444842643405
89.3888168334961, 12.433944702148438, 5.556487721437731
88.80744934082031, 12.585031509399414, 5.5660090287737995
88.18154907226562, 12.716975212097168, 5.682299654191837
87.59825897216797, 12.839384078979492, 5.7616922797213075
87.0484390258789, 12.937369346618652, 5.7346361452412955
86.48362731933594, 13.016031265258789, 5.66165407953473
85.8926773071289, 13.101612091064453, 5.551938853884726
85.31069946289062, 13.176082611083984, 5.495064056991676
84.76115417480469, 13.226943016052246, 5.541800864286327
84.180908203125, 13.258688926696777, 5.669074928687724
83.60572814941406, 13.296177864074707, 5.781228322770431
83.02020263671875, 13.326580047607422, 5.780368388259244
82.43966674804688, 13.347569465637207, 5.690426319494716
81.87120056152344, 13.365984916687012, 5.577395946053962
81.3198013305664, 13.375441551208496, 5.513167766737507
80.74911499023438, 13.385886192321777, 5.518491998056645
80.1445541381836, 13.3949556350708, 5.597924728393613
79.56626892089844, 13.400161743164062, 5.741159080027224
78.95980072021484, 13.404569625854492, 5.792254030580516
78.35464477539062, 13.40751838684082, 5.735372878234986
77.77255249023438, 13.408876419067383, 5.632641421744478
77.20352172851562, 13.409295082092285, 5.541792535626901
76.66802215576172, 13.409472465515137, 5.537825746005126
76.1228256225586, 13.40934944152832, 5.598919362714343
75.55036926269531, 13.40810775756836, 5.675727961605066
74.95896911621094, 13.406729698181152, 5.711455179571438
74.4013671875, 13.405190467834473, 5.721264130706648
73.82115936279297, 13.40312385559082, 5.6583017067892225
73.25676727294922, 13.400941848754883, 5.594015843528991
72.70638275146484, 13.398716926574707, 5.563375499983734
72.13575744628906, 13.396140098571777, 5.573731151482164
71.59172058105469, 13.395150184631348, 5.606079283053439
71.01334381103516, 13.393369674682617, 5.68524304109818
70.43470764160156, 13.390811920166016, 5.729091878204213
69.8974609375, 13.389039039611816, 5.740079434329327
69.34527587890625, 13.388323783874512, 5.659523901013579
68.77674102783203, 13.385189056396484, 5.555397619754596
68.23689270019531, 13.381208419799805, 5.543895271389023
67.70643615722656, 13.37977123260498, 5.5837543658022115
67.15419006347656, 13.377869606018066, 5.648012972924018
66.60000610351562, 13.375797271728516, 5.699904451410798
66.01898956298828, 13.374462127685547, 5.690377264894228
65.43031311035156, 13.370205879211426, 5.672336339123328
64.88117218017578, 13.368818283081055, 5.633419111390855
64.27727508544922, 13.367171287536621, 5.557167850196602
63.7176628112793, 13.365099906921387, 5.568459745442221
63.18299102783203, 13.36287784576416, 5.648155901357843
62.6492805480957, 13.360809326171875, 5.720581105214041
62.07250213623047, 13.358983993530273, 5.706803541842738
61.51681900024414, 13.35721206665039, 5.663366108813477
60.96961212158203, 13.35623836517334, 5.662508366407581
60.41259765625, 13.352531433105469, 5.569849960833228
59.8100700378418, 13.35207462310791, 5.532387647183079
59.27220153808594, 13.350830078125, 5.58360500372971
58.7432975769043, 13.348952293395996, 5.644184588576834
58.169559478759766, 13.347481727600098, 5.720971877637239
57.646484375, 13.345656394958496, 5.7268987922386705
57.07097625732422, 13.343205451965332, 5.694998828776083
56.52021789550781, 13.342644691467285, 5.624652922946725
55.98127746582031, 13.340521812438965, 5.5490879197036005
55.43657684326172, 13.338991165161133, 5.558350817952079
54.90254211425781, 13.337080955505371, 5.627827771614722
54.35736083984375, 13.335419654846191, 5.699269279923289
53.834774017333984, 13.33419418334961, 5.716801208809194
53.28786087036133, 13.332429885864258, 5.6943701580617745
52.72621154785156, 13.330608367919922, 5.626808726017998
52.12051010131836, 13.328868865966797, 5.539080096048311
51.614627838134766, 13.327320098876953, 5.557649432898177
51.05489730834961, 13.325549125671387, 5.624955677216718
50.5259895324707, 13.324071884155273, 5.695894145572241
49.94626998901367, 13.322554588317871, 5.717027156973576
49.41864013671875, 13.321226119995117, 5.7199857167849695
48.87055587768555, 13.319547653198242, 5.658065301028147
48.309486389160156, 13.318228721618652, 5.578302474994868
47.76546859741211, 13.316801071166992, 5.5536562966503205
47.22444534301758, 13.315305709838867, 5.592591110238959
46.66558074951172, 13.313849449157715, 5.620966153783547
46.09055709838867, 13.311751365661621, 5.699526924216693
45.55012893676758, 13.310120582580566, 5.750173574049312
45.0070686340332, 13.308659553527832, 5.726278964749506
44.456947326660156, 13.307103157043457, 5.646643184717076
43.88946533203125, 13.305648803710938, 5.528045002658142
43.33323287963867, 13.304183959960938, 5.51803627217818
42.798377990722656, 13.302499771118164, 5.557949243228838
42.237483978271484, 13.30089282989502, 5.693494713546073
41.66167068481445, 13.299199104309082, 5.782598759328724
41.097869873046875, 13.297422409057617, 5.779428637581671
40.54404067993164, 13.296184539794922, 5.696994516030677
40.01088333129883, 13.29482650756836, 5.599636500121569
39.49521255493164, 13.293482780456543, 5.507819372971944
38.97472381591797, 13.291714668273926, 5.497343430438321
38.43582534790039, 13.290284156799316, 5.601437510502675
37.78336715698242, 13.28848648071289, 5.657286459788832
37.22652816772461, 13.286945343017578, 5.762861807287363
36.68622970581055, 13.285453796386719, 5.791181546226837
36.16213607788086, 13.283971786499023, 5.691967206296447
35.49747848510742, 13.282307624816895, 5.570037641960408
34.96493911743164, 13.280793190002441, 5.531212364595861
34.4509391784668, 13.279324531555176, 5.5474650105804
33.917171478271484, 13.278156280517578, 5.650832623122372
33.36909484863281, 13.276538848876953, 5.7357605007744015
32.8362922668457, 13.275155067443848, 5.7345541450421065
32.30525207519531, 13.27371883392334, 5.711896408264855
31.779586791992188, 13.272408485412598, 5.624276405960557
31.230478286743164, 13.270736694335938, 5.558022212197754
30.725664138793945, 13.269458770751953, 5.5339869170983915
30.18703842163086, 13.26783561706543, 5.599126000316416
29.672536849975586, 13.266562461853027, 5.67248972668942
29.167701721191406, 13.265209197998047, 5.692810255330635
28.608530044555664, 13.26330280303955, 5.702875500329426
28.08438491821289, 13.261740684509277, 5.663276610558557
27.552398681640625, 13.260249137878418, 5.630868456976004
27.011817932128906, 13.258739471435547, 5.5677003361412805
26.353925704956055, 13.25699520111084, 5.576448372250716
25.8239688873291, 13.255674362182617, 5.6216496526977995
25.300477981567383, 13.254268646240234, 5.6918512775428
24.770309448242188, 13.252653121948242, 5.726980757797936
24.210834503173828, 13.25096321105957, 5.719181064480964
23.680072784423828, 13.249494552612305, 5.6819963712925565
23.124752044677734, 13.24797534942627, 5.6041139946567196
22.60154151916504, 13.246532440185547, 5.571092621615108
22.08568572998047, 13.245112419128418, 5.585985706809354
21.551183700561523, 13.243636131286621, 5.623082456187105
21.03923988342285, 13.242178916931152, 5.621404961735005
20.531679153442383, 13.241119384765625, 5.660157935292139
20.008630752563477, 13.23946762084961, 5.663083055964687
19.479511260986328, 13.23845100402832, 5.642323208728871
18.9438419342041, 13.23697566986084, 5.612671764992609
18.416933059692383, 13.23560905456543, 5.6327999842392735
17.886409759521484, 13.233908653259277, 5.618636774345751
17.37601089477539, 13.23276138305664, 5.627754598252403
16.69150161743164, 13.23078441619873, 5.599024295590444
16.188106536865234, 13.22926139831543, 5.61673550154502
15.540335655212402, 13.227415084838867, 5.65763545101937
14.88693904876709, 13.225804328918457, 5.6709521973416015
14.379411697387695, 13.224410057067871, 5.657307772589728
13.868993759155273, 13.223014831542969, 5.630082370171211
13.200392723083496, 13.221044540405273, 5.6559681106370325
12.695003509521484, 13.219334602355957, 5.610471225494723
12.19368839263916, 13.217966079711914, 5.593251227813202
11.590665817260742, 13.216300964355469, 5.593427174689891
10.939497947692871, 13.21461296081543, 5.636105009916076
10.27765941619873, 13.212773323059082, 5.720675028012694
9.757081985473633, 13.211066246032715, 5.740966186059596
9.239809036254883, 13.209587097167969, 5.713631750414439
8.704301834106445, 13.20828914642334, 5.657535845103451
8.067532539367676, 13.206599235534668, 5.578425920052989
7.416371822357178, 13.204642295837402, 5.513840689466545
6.766667366027832, 13.202898979187012, 5.597338868144898
6.24891996383667, 13.20134162902832, 5.659342943110677
5.740939617156982, 13.199764251708984, 5.717488244304757
5.214569568634033, 13.198715209960938, 5.768240996829937
4.547916889190674, 13.196616172790527, 5.694569572040129
4.034449100494385, 13.195174217224121, 5.606054415499345
3.3962481021881104, 13.193473815917969, 5.527573699582114
2.7514567375183105, 13.191676139831543, 5.494421712385852
2.2396702766418457, 13.190116882324219, 5.646421760280105
1.5990699529647827, 13.18847370147705, 5.735782962004692
1.0618062019348145, 13.187081336975098, 5.792066047361882
0.5526413321495056, 13.185614585876465, 5.729321505889338
0.045482464134693146, 13.184207916259766, 5.630472832998827
-0.6030895113945007, 13.182391166687012, 5.529202215507491
-1.2218841314315796, 13.180625915527344, 5.576326199953471
-1.7385615110397339, 13.179168701171875, 5.670309507878053
-2.2455248832702637, 13.177721977233887, 5.67481195505643
-2.7652642726898193, 13.176372528076172, 5.6916598963505765
-3.4240496158599854, 13.174360275268555, 5.641041064168139
-3.935093641281128, 13.17301082611084, 5.6358980324106875
-4.591116905212402, 13.170828819274902, 5.590002507873625
-5.1056108474731445, 13.16933536529541, 5.565374664004717
-5.744017601013184, 13.16797924041748, 5.608308341458986
-6.415972709655762, 13.165843963623047, 5.6887643922182365
-7.0657267570495605, 13.16421890258789, 5.651023697551889
-7.7248382568359375, 13.16218376159668, 5.674659709113837
-8.371793746948242, 13.160430908203125, 5.6331933044510905
-8.872461318969727, 13.158979415893555, 5.600142605654396
-9.374740600585938, 13.157349586486816, 5.590309207279454
-10.03763198852539, 13.155436515808105, 5.661795022935022
-10.693960189819336, 13.153678894042969, 5.674719655179914
-11.208829879760742, 13.152042388916016, 5.6993928106099725
-11.7277193069458, 13.1506929397583, 5.69244290855419
-12.38735294342041, 13.148618698120117, 5.614846351975825
-13.015892028808594, 13.146903991699219, 5.549804997634413
-13.530985832214355, 13.145978927612305, 5.605658208814517
-14.032394409179688, 13.144662857055664, 5.632511952507702
-14.55980396270752, 13.14322280883789, 5.719692949409318
-15.207812309265137, 13.141345024108887, 5.673621813029595
-15.727928161621094, 13.139792442321777, 5.564051731516055
-16.326610565185547, 13.138157844543457, 5.424003122983957
-16.960954666137695, 13.136672973632812, 5.293435313493067
-17.5864200592041, 13.13475227355957, 5.27243753696383
-18.2216854095459, 13.13325023651123, 5.26367910485115
-18.836824417114258, 13.131148338317871, 5.1717333033715835
-19.454065322875977, 13.129469871520996, 5.128847135739574
-20.019338607788086, 13.127888679504395, 5.0224452859995825
-20.61085319519043, 13.126296043395996, 5.013604262066266
-21.198217391967773, 13.124675750732422, 4.9964904464745965
-21.759929656982422, 13.123136520385742, 4.639054321689918
-22.330341339111328, 13.121448516845703, 3.504863717943984
-22.837751388549805, 13.120147705078125, 1.0127526125653448
-60.637611389160156, 16.33802604675293, 2.0
-61.1829833984375, 16.35525131225586, 1.8372898749174287
-61.68632125854492, 16.37158966064453, 2.5853180272693925
-62.24704360961914, 16.390005111694336, 3.1987282073066434
-62.81639862060547, 16.40904426574707, 3.7426783009662006
-63.33670425415039, 16.421483993530273, 4.1371023522421115
-63.936737060546875, 16.42997169494629, 4.560528380905328
-64.45865631103516, 16.44019317626953, 4.899115954601925
-65.00689697265625, 16.449464797973633, 5.220425083492227
-65.58086395263672, 16.454126358032227, 5.277619375619
-66.17794036865234, 16.458003997802734, 5.496726997950571
-66.810302734375, 16.463380813598633, 5.808382305176824
-67.45742797851562, 16.466856002807617, 5.892546487876136
-68.09817504882812, 16.470306396484375, 5.742527717446995
-68.59886169433594, 16.471378326416016, 5.611122987355297
-69.20964813232422, 16.471879959106445, 5.45535022286733
-69.80677795410156, 16.472925186157227, 5.425135286368177
-70.44280242919922, 16.473270416259766, 5.534500123882031
-71.05669403076172, 16.47349739074707, 5.7388219870599535
-71.66197967529297, 16.473508834838867, 5.832837746222521
-72.313720703125, 16.473316192626953, 5.714092226396603
-72.94243621826172, 16.47303009033203, 5.59846173850253
-73.54780578613281, 16.472259521484375, 5.487470461870231
-74.15856170654297, 16.471172332763672, 5.513417534813232
-74.7872314453125, 16.47026252746582, 5.649387642294506
-75.38984680175781, 16.469196319580078, 5.781336022689269
-76.03520965576172, 16.468124389648438, 5.6223256580246845
-76.63475036621094, 16.467039108276367, 5.425435178414242
-77.23403930664062, 16.466018676757812, 5.246424536027959
-77.8144302368164, 16.46469497680664, 5.128438403809706
-78.37458038330078, 16.463674545288086, 5.1216241420402735
-78.92431640625, 16.46247673034668, 5.171788971464662
-79.47801971435547, 16.461027145385742, 5.178452806852216
-80.03466796875, 16.459714889526367, 5.073916746052252
-80.5604019165039, 16.45851707458496, 5.000541414169868
-81.0850601196289, 16.4572696685791, 4.708546739380404
-81.64888763427734, 16.455867767333984, 3.652265614520451
-82.17736053466797, 16.4547061920166, 1.8714726481459956
-82.70104217529297, 16.4534969329834, 1.722370374008189
-83.20978546142578, 16.452056884765625, 2.47590294671106
-83.73585510253906, 16.450523376464844, 3.0705246346653063
-84.27696228027344, 16.44892692565918, 3.6023029110659412
-84.77864837646484, 16.44744873046875, 4.0180637683749305
-85.33284759521484, 16.44582176208496, 4.424548812409611
-85.9596176147461, 16.44397735595703, 4.8402676403666565
-86.51326751708984, 16.44234848022461, 5.178875936216944
-87.04765319824219, 16.440814971923828, 5.288630594269397
-87.60132598876953, 16.439542770385742, 5.4569703957271924
-88.17769622802734, 16.438074111938477, 5.531746099507525
-88.76116943359375, 16.436386108398438, 5.508241694644223
-89.35838317871094, 16.434736251831055, 5.374496887629203
-89.8970947265625, 16.43325424194336, 5.3878992676051745
-90.48208618164062, 16.43183708190918, 5.537983124432936
-91.07404327392578, 16.43024444580078, 5.745001065729704
-91.70094299316406, 16.42991065979004, 5.825658931434682
-92.32522583007812, 16.455577850341797, 5.728711313010586
-92.91775512695312, 16.487613677978516, 5.610034209378013
-93.53972625732422, 16.524553298950195, 5.501697468169789
-94.173828125, 16.553504943847656, 5.547237010585436
-94.755126953125, 16.569618225097656, 5.627214700799978
-95.35114288330078, 16.615245819091797, 5.684540166124376
-95.94200897216797, 16.661144256591797, 5.718091136014662
-96.5363540649414, 16.711124420166016, 5.671904526809869
-97.16392517089844, 16.796051025390625, 5.547440989788667
-97.73480987548828, 16.88740348815918, 5.535541217525729
-98.33677673339844, 16.95384407043457, 5.564597340963111
-98.85826873779297, 17.005462646484375, 5.669499156759266
-99.4598159790039, 17.116411209106445, 5.600111580640709
-100.06208038330078, 17.28080940246582, 5.6556565196829895
-100.65611267089844, 17.450965881347656, 5.676421187843376
-101.2389144897461, 17.63321304321289, 5.659460493708612
-101.84624481201172, 17.837711334228516, 5.599199363943928
-102.39810180664062, 18.063074111938477, 5.557069812275571
-102.91825866699219, 18.29950523376465, 5.611794211239858
-103.45130920410156, 18.553895950317383, 5.611978037584374
-104.01445007324219, 18.835918426513672, 5.694777252905764
-104.47126007080078, 19.078142166137695, 5.799089822663148
-105.00911712646484, 19.413524627685547, 5.712328196203492
-105.52645111083984, 19.753517150878906, 5.610550268999215
-106.00619506835938, 20.07969856262207, 5.56029013915517
-106.52413940429688, 20.44824981689453, 5.4922556767816
-106.88626861572266, 20.81480598449707, 5.482479060469525
-107.3297119140625, 21.11260223388672, 5.598313997042452
-107.79148864746094, 21.52986717224121, 5.680447650591863
-108.23568725585938, 21.945690155029297, 5.716215916123433
-108.66183471679688, 22.3736572265625, 5.640911769164022
-109.0673828125, 22.84419059753418, 5.571821154346756
-109.34230041503906, 23.287004470825195, 5.595384459891456
-109.7332992553711, 23.658111572265625, 5.53580210262583
-110.12351989746094, 24.16152572631836, 5.597041517736277
-110.4569091796875, 24.63361358642578, 5.572929099781423
-110.7787857055664, 25.156593322753906, 5.554934322385169
-111.11454010009766, 25.718990325927734, 5.604446294300694
-111.34617614746094, 26.261371612548828, 5.704571489959662
-111.71063995361328, 26.796173095703125, 5.682788086321829
-111.90858459472656, 27.384801864624023, 5.645109890476769
-112.15876007080078, 27.839496612548828, 5.729170647809621
-112.34925842285156, 28.313617706298828, 5.782279414978677
-112.57371520996094, 28.90778350830078, 5.7374925371360765
-112.72645568847656, 29.532615661621094, 5.537493003203147
-112.88410949707031, 30.010700225830078, 5.640055728218085
-112.99674224853516, 30.50442123413086, 5.604199393579482
-113.09939575195312, 31.136083602905273, 5.727985602366825
-113.1951904296875, 31.636137008666992, 5.673668658320691
-113.33965301513672, 32.2697639465332, 5.627154197824011
-113.44473266601562, 32.90298843383789, 5.605546524352545
-113.53955078125, 33.5216178894043, 5.56994201886946
-113.63279724121094, 34.170677185058594, 5.756730653059929
-113.67781066894531, 34.683616638183594, 5.757154028147135
-113.75577545166016, 35.34990310668945, 5.7106819004100355
-113.8006820678711, 35.85775375366211, 5.661996044429647
-113.85111236572266, 36.4924430847168, 5.5473218014662455
-113.89726257324219, 37.14730453491211, 5.560440811085318
-113.93960571289062, 37.79548645019531, 5.573079985677086
-113.97794342041016, 38.42853546142578, 5.656651133050626
-114.00757598876953, 38.94963455200195, 5.784448847868771
-114.03433227539062, 39.462345123291016, 5.794337770122145
-114.0510025024414, 40.122215270996094, 5.668453202937026
-114.07028198242188, 40.62308883666992, 5.5630763530507625
-114.09125518798828, 41.24554443359375, 5.464324641536177
-114.10578155517578, 41.749290466308594, 5.513650470905246
-114.12014770507812, 42.411460876464844, 5.652846365317478
-114.13867950439453, 42.92514419555664, 5.773957680846852
-114.15248107910156, 43.45924758911133, 5.846756828583058
-114.16928100585938, 44.131019592285156, 5.690772787004575
-114.18195343017578, 44.659236907958984, 5.5778049938083125
-114.19300842285156, 45.28855895996094, 5.452059813333013
-114.20816802978516, 45.795101165771484, 5.489808435764821
-114.2191390991211, 46.42958450317383, 5.682245794142348
-114.22799682617188, 46.9467658996582, 5.765827608213961
-114.23779296875, 47.45694351196289, 5.780564643391317
-114.24665069580078, 47.97874450683594, 5.7335901371071
-114.25757598876953, 48.63547897338867, 5.630111554451943
-114.26775360107422, 49.24787902832031, 5.512603547653843
-114.27802276611328, 49.888362884521484, 5.526098589264562
-114.28607177734375, 50.39413070678711, 5.611926511070199
-114.29592895507812, 51.037864685058594, 5.756816764254137
-114.30200958251953, 51.55463409423828, 5.796490020847427
-114.31098175048828, 52.186283111572266, 5.6890095814605175
-114.31969451904297, 52.82118606567383, 5.561317808952431
-114.32595825195312, 53.44412612915039, 5.520305615567005
-114.33641052246094, 54.07131576538086, 5.618650494426649
-114.34461975097656, 54.69365692138672, 5.721389160112401
-114.35313415527344, 55.32167053222656, 5.7373644728871
-114.36093139648438, 55.92970275878906, 5.688818031052674
-114.36699676513672, 56.438045501708984, 5.6162439907743655
-114.3731918334961, 56.94819259643555, 5.547931263318711
-114.38164520263672, 57.61591720581055, 5.577531649892992
-114.38768005371094, 58.11962127685547, 5.618286076600952
-114.39585876464844, 58.79131317138672, 5.711336314963983
-114.404296875, 59.458553314208984, 5.726499252594507
-114.40836334228516, 59.96186065673828, 5.6953240150340605
-114.41633605957031, 60.47557067871094, 5.635125500229096
-114.4227523803711, 60.98916244506836, 5.613281846482732
-114.43019104003906, 61.64414596557617, 5.535645110131931
-114.43643951416016, 62.15879440307617, 5.59780023471533
-114.44416809082031, 62.80423355102539, 5.629387952630052
-114.45018005371094, 63.31557846069336, 5.651006011554901
-114.4560317993164, 63.82621765136719, 5.728617789113176
-114.46389770507812, 64.4905776977539, 5.651193127078372
-114.471435546875, 65.16288757324219, 5.601868849758037
-114.47694396972656, 65.8074951171875, 5.532240014886191
-114.48491668701172, 66.32817077636719, 5.645286276768013
-114.49066925048828, 66.82949829101562, 5.685615012454716
-114.49797821044922, 67.49447631835938, 5.716017136725544
-114.50398254394531, 68.0120849609375, 5.69661543281135
-114.50791931152344, 68.52259826660156, 5.6204646527260165
-114.51698303222656, 69.17159271240234, 5.558477715323432
-114.52387237548828, 69.77364349365234, 5.558346750977224
-114.52954864501953, 70.2742919921875, 5.606858987526317
-114.53679656982422, 70.9303970336914, 5.735284128709617
-114.53079986572266, 71.5475845336914, 5.715879921664991
-114.52947235107422, 72.06110382080078, 5.664438313443544
-114.52930450439453, 72.68523406982422, 5.588715065928206
-114.52582550048828, 73.33712768554688, 5.54321057583875
-114.52364349365234, 73.84559631347656, 5.640533605293144
-114.52098083496094, 74.35160827636719, 5.69200547865867
-114.51789855957031, 74.86772918701172, 5.725969772031175
-114.51377868652344, 75.53755950927734, 5.686485624833599
-114.50927734375, 76.0544204711914, 5.632782924797877
-114.489501953125, 76.72171783447266, 5.593730670666081
-114.45812225341797, 77.38898468017578, 5.583197671179412
-114.44385528564453, 77.91864013671875, 5.653996750547288
-114.40543365478516, 78.59345245361328, 5.697096033967989
-114.3814926147461, 79.10372161865234, 5.703186943562701
-114.35640716552734, 79.6136245727539, 5.636479171162837
-114.3317642211914, 80.2624282836914, 5.531552848783254
-114.29508209228516, 80.80024719238281, 5.57607995976539
-114.25794982910156, 81.4704818725586, 5.641186041881524
-114.21076965332031, 81.99293518066406, 5.679737758368508
-114.16168975830078, 82.50704193115234, 5.673228765578892
-114.11443328857422, 83.01994323730469, 5.683272771506225
-114.04801177978516, 83.6739730834961, 5.635001261664052
-113.9954833984375, 84.33433532714844, 5.564382579291196
-113.90821838378906, 84.9752197265625, 5.603297339551311
-113.8504638671875, 85.49041748046875, 5.658076765386894
-113.79352569580078, 85.99031829833984, 5.681355734447487
-113.71721649169922, 86.65122985839844, 5.62790407587372
-113.67147827148438, 87.1615982055664, 5.63800736213584
-113.5616455078125, 87.67696380615234, 5.604552782945104
-113.45626831054688, 88.34170532226562, 5.586460909453115
-113.34654235839844, 88.99197387695312, 5.6551121414731575
-113.23219299316406, 89.65138244628906, 5.684977238896828
-113.1160888671875, 90.30681610107422, 5.7089282180437175
-113.01942443847656, 90.84228515625, 5.678187234232572
-112.90689849853516, 91.45856475830078, 5.5915321897098105
-112.78443145751953, 92.11268615722656, 5.587690240194507
-112.64310455322266, 92.73780822753906, 5.596991297349946
-112.56233215332031, 93.26029968261719, 5.686939701920878
-112.44664001464844, 93.76399993896484, 5.710485320610755
-112.28665161132812, 94.2578125, 5.649093097037895
-112.16288757324219, 94.76298522949219, 5.620192889544911
-112.03973388671875, 95.26040649414062, 5.637114742486677
-111.87747955322266, 95.90538024902344, 5.655675754403733
-111.75384521484375, 96.39085388183594, 5.644179380026995
-111.62776947021484, 96.88260650634766, 5.620485430946169
-111.48957061767578, 97.41311645507812, 5.646361196313895
-111.34551239013672, 97.89557647705078, 5.612330159246725
-111.19559478759766, 98.38306427001953, 5.606730751099911
-111.04708862304688, 98.87018585205078, 5.615402977859628
-110.89476013183594, 99.35401153564453, 5.645826449885411
-110.69369506835938, 99.98163604736328, 5.643869609478922
-110.53799438476562, 100.46243286132812, 5.67170773853071
-110.37724304199219, 100.95309448242188, 5.6664738873300395
-110.21092224121094, 101.45631408691406, 5.710152826051786
-110.04206848144531, 101.96416473388672, 5.701606604730756
-109.87577056884766, 102.44420623779297, 5.601867971903404
-109.6951904296875, 102.91484832763672, 5.542657313366532
-109.47064971923828, 103.50154113769531, 5.498939055750353
-109.22417449951172, 104.13365173339844, 5.64744499453907
-108.98384857177734, 104.73811340332031, 5.693362557422898
-108.79318237304688, 105.21316528320312, 5.783173499366221
-108.55377960205078, 105.80374145507812, 5.703816097887133
-108.36451721191406, 106.26712799072266, 5.631181456869282
-108.12190246582031, 106.85758209228516, 5.547058278373078
-107.92565155029297, 107.32032012939453, 5.572523568067962
-107.64739227294922, 107.91947937011719, 5.655741987841761
-107.43275451660156, 108.38327026367188, 5.686385335483701
-107.16522979736328, 108.95237731933594, 5.672505938442814
-106.94738006591797, 109.40701293945312, 5.649044623521105
-106.7198486328125, 109.87873840332031, 5.676607925508201
-106.44098663330078, 110.45258331298828, 5.6027213735843056
-106.23137664794922, 111.02256774902344, 5.5533336300137375
-105.94789123535156, 111.45542907714844, 5.531731901350864
-105.66144561767578, 112.03334045410156, 5.667399245608816
-105.36093139648438, 112.59912109375, 5.679833840682577
-105.06024169921875, 113.14089965820312, 5.717265988513748
-104.75888061523438, 113.68048858642578, 5.646499460910968
-104.45616912841797, 114.21247100830078, 5.566024441541843
-104.12826538085938, 114.78279876708984, 5.542912940908829
-103.87361907958984, 115.22176361083984, 5.623957942452581
-103.56623077392578, 115.74815368652344, 5.700039364710772
-103.25875091552734, 116.2715072631836, 5.725308912387637
-102.94345092773438, 116.80406188964844, 5.6739122834342215
-102.6214828491211, 117.30242919921875, 5.584539493974635
-102.28572082519531, 117.80068969726562, 5.5711224563732245
-101.9163818359375, 118.34357452392578, 5.642201560510789
-101.55266571044922, 118.86685943603516, 5.637862162285223
-101.1891860961914, 119.38400268554688, 5.641198969370181
-100.9122543334961, 119.90214538574219, 5.629168763294116
-100.5447998046875, 120.28765106201172, 5.6498221034106795
-100.28058624267578, 120.77950286865234, 5.666886724514456
-99.91677856445312, 121.15528869628906, 5.7017934566649275
-99.51963806152344, 121.65194702148438, 5.631431214329942
-99.20415496826172, 122.1510238647461, 5.609238966013947
-98.79639434814453, 122.51801300048828, 5.5491780389356755
-98.38790130615234, 122.99410247802734, 5.555243390185911
-97.98484802246094, 123.4573974609375, 5.682649747871368
-97.55598449707031, 123.94486236572266, 5.688204982814449
-97.13965606689453, 124.41358947753906, 5.679657837467561
-96.7188491821289, 124.88363647460938, 5.6629465315937715
-96.2853012084961, 125.36483001708984, 5.641653010075092
-95.85081481933594, 125.81561279296875, 5.578771816337774
-95.4008560180664, 126.2479476928711, 5.566191951427787
-94.9365005493164, 126.69095611572266, 5.663636074479802
-94.43929290771484, 127.152099609375, 5.705886441915387
-93.9499282836914, 127.59979248046875, 5.688506010553275
-93.46672821044922, 128.03623962402344, 5.605641269697368
-92.97715759277344, 128.473388671875, 5.566898560666624
-92.51783752441406, 128.88018798828125, 5.5738711433734816
-92.03691864013672, 129.29783630371094, 5.640319953042751
-91.54694366455078, 129.677734375, 5.700357338526025
-91.14360809326172, 129.9830780029297, 5.721350648097016
-90.63282775878906, 130.36619567871094, 5.6765611612704445
-90.12522888183594, 130.73634338378906, 5.567867287307844
-89.59745025634766, 131.11550903320312, 5.496816654202685
-89.07392120361328, 131.4866485595703, 5.58999603512399
-88.54645538330078, 131.8563690185547, 5.679123288153999
-88.02444458007812, 132.21926879882812, 5.6984294146025665
-87.48896026611328, 132.57598876953125, 5.622908360261311
-87.04781341552734, 132.83802795410156, 5.63713747245081
-86.60548400878906, 133.09837341308594, 5.622024680262323
-86.17350769042969, 133.35028076171875, 5.650762627508651
-85.61360168457031, 133.66664123535156, 5.666053031270588
-85.17449951171875, 133.9109344482422, 5.650304087934632
-84.72782897949219, 134.15684509277344, 5.6179024087473035
-84.15646362304688, 134.46734619140625, 5.59118133535914
-83.56844329833984, 134.78326416015625, 5.654342167858229
-83.00247192382812, 135.0845489501953, 5.6368171206019
-82.53892517089844, 135.314697265625, 5.64443270965013
-81.94466400146484, 135.577880859375, 5.608131917797612
-81.46070098876953, 135.79026794433594, 5.668697626821498
-81.01933288574219, 136.03868103027344, 5.672225276755565
-80.40161895751953, 136.23614501953125, 5.649221719734627
-79.91199493408203, 136.43592834472656, 5.636201312996951
-79.4316177368164, 136.629638671875, 5.623657232720587
-78.96422576904297, 136.81517028808594, 5.5966671962065115
-78.4748764038086, 137.0074920654297, 5.659366216155278
-77.972412109375, 137.20314025878906, 5.6670703713968065
-77.47211456298828, 137.39537048339844, 5.620306299399058
-76.98590087890625, 137.56112670898438, 5.6102981950605315
-76.37071228027344, 137.76028442382812, 5.601070683308906
-75.897216796875, 137.9637451171875, 5.678255495524721
-75.39454650878906, 138.0687713623047, 5.721112747541603
-74.89667510986328, 138.220458984375, 5.678012622080718
-74.39015197753906, 138.37295532226562, 5.6628830091919085
-73.90349578857422, 138.51695251464844, 5.616921259782157
-73.41355895996094, 138.6597900390625, 5.618841060455068
-72.90886688232422, 138.80551147460938, 5.600334488874574
-72.42525482177734, 138.94369506835938, 5.580458212010124
-71.91787719726562, 139.0726776123047, 5.596120313947877
-71.41051483154297, 139.172119140625, 5.625878648381391
-70.90860748291016, 139.26864624023438, 5.697008618345917
-70.39998626708984, 139.36473083496094, 5.646813785724029
-69.85661315917969, 139.45838928222656, 5.555599284908719
-69.21273040771484, 139.564208984375, 5.385649748346336
-68.5991439819336, 139.65061950683594, 5.184354736685237
-67.96694946289062, 139.71702575683594, 5.191867439025898
-67.45978546142578, 139.7694091796875, 5.23489323556953
-66.83583068847656, 139.82704162597656, 5.222082031232897
-66.22185516357422, 139.87890625, 5.128149135686143
-65.6158447265625, 139.92637634277344, 5.005762728424345
-65.0036392211914, 139.97088623046875, 5.008777480735055
-64.38121795654297, 140.01356506347656, 4.943420463782226
-63.78152084350586, 140.05284118652344, 4.812717736384288
-63.218528747558594, 140.08270263671875, 4.6912573685641
-62.6169548034668, 140.10281372070312, 4.661159706833991
-62.02566909790039, 140.12945556640625, 4.65744587561548
-61.43764114379883, 140.1503448486328, 4.589724208832129
-60.87730407714844, 140.17079162597656, 4.482090512587015
-60.321189880371094, 140.18930053710938, 4.404910251190756
-59.74461364746094, 140.20806884765625, 4.371817221236829
-59.1832160949707, 140.22561645507812, 4.330280683462487
-58.63775634765625, 140.24221801757812, 4.252067730095506
-58.134037017822266, 140.2529296875, 4.179118457426146
-57.58517837524414, 140.26251220703125, 4.326131027072146
-57.02049255371094, 140.27468872070312, 4.64690902819337
-56.4228515625, 140.28567504882812, 5.00891597289523
-55.78404998779297, 140.2978057861328, 5.255529095350299
-55.15717697143555, 140.30889892578125, 5.441473324550582
-54.617889404296875, 140.31837463378906, 5.709421461965851
-54.06365203857422, 140.3278045654297, 5.910862455627221
-53.483646392822266, 140.33749389648438, 5.826162363584201
-52.9290657043457, 140.3443603515625, 5.679596888953025
-52.38775634765625, 140.3495330810547, 5.542746978079739
-51.715911865234375, 140.35877990722656, 5.477025650338935
-51.21310806274414, 140.3643798828125, 5.524027794518273
-50.69540786743164, 140.37013244628906, 5.669554924595761
-50.193260192871094, 140.37583923339844, 5.759398285182192
-49.6285400390625, 140.3820037841797, 5.811886277278983
-49.10044860839844, 140.38760375976562, 5.7282236347580975
-48.58412170410156, 140.39324951171875, 5.638836995972407
-48.07286834716797, 140.39852905273438, 5.5290215337940705
-47.419979095458984, 140.40504455566406, 5.455206669219431
-46.783363342285156, 140.41116333007812, 5.410005100514942
-46.15129470825195, 140.41697692871094, 5.4219264235254965
-45.521629333496094, 140.42254638671875, 5.3895323555117765
-44.861610412597656, 140.42813110351562, 5.430504624010483
-44.19871520996094, 140.43348693847656, 5.443577057385324
