-29.8111629486084, -57.72285842895508, 3.4708264532293267
-28.566158294677734, -57.719261169433594, 4.687961450520716
-27.065542221069336, -57.6306037902832, 5.151504703594742
-25.978776931762695, -57.649837493896484, 5.425262656504251
-24.87752914428711, -57.68593215942383, 5.552260505053853
-23.771329879760742, -57.659149169921875, 5.5023077292263
-22.674068450927734, -57.61841583251953, 5.4688931054971945
-21.46731948852539, -57.65093994140625, 6.968419011002368
-20.06557273864746, -57.72016906738281, 6.853695142319734
-18.867006301879883, -57.713993072509766, 4.540159997156447
-17.840078353881836, -57.70008087158203, 2.284705548647865
-16.526296615600586, -57.67721939086914, 4.251766408473581
-15.047947883605957, -57.66126251220703, 5.309427801604756
-13.978692054748535, -57.62575912475586, 5.338885804316287
-12.911802291870117, -57.62069320678711, 5.312141401392996
-11.84779167175293, -57.64627456665039, 5.302969649517324
-10.695016860961914, -57.63042449951172, 6.182934986796855
-9.376866340637207, -57.54677200317383, 6.717090861316514
-8.159268379211426, -57.47874450683594, 4.552252079056923
-6.975697040557861, -57.464393615722656, 2.541110252779679
-5.953686237335205, -57.45853042602539, 2.553752555414044
-4.862622261047363, -57.45634460449219, 3.3254004142356797
-3.628434896469116, -57.44603729248047, 4.804781172728459
-2.5920448303222656, -57.44285583496094, 5.2954876204882515
-1.4745720624923706, -57.45366668701172, 5.861395728783928
-0.2781139314174652, -57.437278747558594, 6.087177255776743
0.9188530445098877, -57.396385192871094, 5.7809586392542585
1.9270943403244019, -57.40144348144531, 1.4058761365471795
3.1301119327545166, -57.39400863647461, 2.7655470894936003
4.187715530395508, -57.394744873046875, 4.174008139425536
5.604628562927246, -57.370033264160156, 5.209428909721089
6.635522842407227, -57.3780517578125, 5.1163969398714055
7.669403553009033, -57.394832611083984, 5.359514502273859
8.810348510742188, -57.361698150634766, 5.978194691339078
9.999995231628418, -57.32695770263672, 5.959233568156761
11.101506233215332, -57.35960006713867, 4.583911387290061
12.688763618469238, -57.46549606323242, 5.900570404809803
13.891916275024414, -57.45387649536133, 6.048585367222255
15.020838737487793, -57.3665657043457, 4.544819258448714
16.321752548217773, -57.35771179199219, 3.3205449577389254
17.562816619873047, -57.404300689697266, 4.83397164506099
18.59956932067871, -57.37966537475586, 5.298367743158417
19.656606674194336, -57.297176361083984, 5.311637354838464
20.712236404418945, -57.24617004394531, 5.276947295613207
21.763723373413086, -57.26932907104492, 5.396270673691867
22.943195343017578, -57.32450485229492, 6.426353501499354
24.294313430786133, -57.32357406616211, 6.88662334207592
25.39884376525879, -57.247215270996094, 3.5796761770062
26.58658790588379, -57.2382698059082, 2.9223141696096744
27.86695098876953, -57.2110481262207, 3.228448718390212
29.156530380249023, -57.2077522277832, 3.5127829339031136
30.42366600036621, -57.205501556396484, 4.88839611344894
31.464813232421875, -57.2670783996582, 5.285749142200339
32.58470153808594, -57.30371856689453, 6.082500580160775
33.82536697387695, -57.25345230102539, 6.394875685733228
35.071285247802734, -57.16273498535156, 5.3280134888216555
36.109886169433594, -57.13203811645508, 1.6102165012449814
37.13105010986328, -57.12235641479492, 3.5461982622994994
38.39572525024414, -57.133880615234375, 4.7553152684081095
39.40592575073242, -57.16952133178711, 5.139830360386567
40.42736053466797, -57.15705871582031, 5.4663987046972755
41.534759521484375, -57.11154556274414, 5.531322853015084
42.6373291015625, -57.12406539916992, 5.482589684804089
43.72607421875, -57.223690032958984, 5.464508251509251
44.915740966796875, -57.32374572753906, 6.512993294277788
46.2707405090332, -57.34805679321289, 6.847531392993344
47.3830451965332, -57.30097961425781, 3.601312156211125
48.558143615722656, -57.329071044921875, 3.1037849724757667
49.73622512817383, -57.29166030883789, 4.637504011976538
50.74677658081055, -57.27590560913086, 5.234982877149166
51.791748046875, -57.31895446777344, 5.238225346059769
52.83644104003906, -57.3421516418457, 5.206234754889336
53.87462615966797, -57.30595016479492, 5.18944377206644
54.98957443237305, -57.27321243286133, 6.002935014172732
56.27295684814453, -57.31856155395508, 6.589231810496268
57.51039123535156, -57.40869903564453, 5.336184418616371
58.58755111694336, -57.41201400756836, 2.4056686527136977
59.91521453857422, -57.45579147338867, 3.8877362773910287
61.07033920288086, -57.43151092529297, 3.8596479997171342
62.202884674072266, -57.42449951171875, 3.8806898006613344
63.56592559814453, -57.49660110473633, 5.1953082360503196
64.6218032836914, -57.47338104248047, 5.363470845652024
65.75381469726562, -57.35624694824219, 6.031440800247397
66.98025512695312, -57.21274948120117, 6.204262393770247
68.09490203857422, -57.12821960449219, 3.970165650688127
69.24702453613281, -56.97108840942383, 2.7441425448975165
70.2949447631836, -56.82412338256836, 4.191991195665602
71.69668579101562, -56.58469772338867, 5.224417912291236
72.71572875976562, -56.40940475463867, 5.132110582593543
73.70903778076172, -56.18950653076172, 5.080514372723233
74.6695327758789, -55.880531311035156, 5.114306967442028
75.62034606933594, -55.53892517089844, 5.288086149645535
76.77763366699219, -55.17723083496094, 6.598808866262583
78.08167266845703, -54.74403762817383, 6.679840071609826
79.04195404052734, -54.35182571411133, 2.990395874774411
80.00469207763672, -53.95476531982422, 3.3371902061980157
81.09500122070312, -53.372440338134766, 4.794812223200362
81.9858169555664, -52.843788146972656, 5.28670515215645
82.91435241699219, -52.33662033081055, 5.289809737633659
83.83678436279297, -51.8240852355957, 5.270037128165227
84.71395111083984, -51.2509765625, 5.294937073717527
85.57627868652344, -50.492919921875, 6.154029901162369
86.45728302001953, -49.55508804321289, 6.517238532834618
87.25090026855469, -48.661556243896484, 4.608169720190508
88.0887222290039, -47.8239631652832, 2.4593251682794004
88.9605712890625, -46.9608154296875, 2.450627022964973
89.81587982177734, -46.13273239135742, 3.8740816534863205
90.8113784790039, -45.173500061035156, 5.256251100671632
91.51143646240234, -44.3806037902832, 5.302708516723728
92.16132354736328, -43.48802185058594, 5.799393139255903
92.87761688232422, -42.48130798339844, 6.453910186223995
93.63567352294922, -41.46292495727539, 6.11268391290666
94.2443618774414, -40.547664642333984, 1.9636878371547128
94.85587310791016, -39.558837890625, 3.803208980536524
95.54335021972656, -38.42565155029297, 4.933656840123513
96.04488372802734, -37.52566146850586, 5.11082849200849
96.46007537841797, -36.59481430053711, 5.133276838281012
96.8563461303711, -35.59107208251953, 5.541240042417598
97.29437255859375, -34.576385498046875, 5.503220047533368
97.7876968383789, -33.5956916809082, 5.481535691977479
98.29308319091797, -32.50966262817383, 6.58662880158912
98.75518035888672, -31.22188949584961, 6.8700265879248565
99.01654815673828, -30.105247497558594, 3.8181074713790295
99.12776947021484, -28.833498001098633, 3.211673394173271
99.246337890625, -27.633983612060547, 4.713008947289245
99.29838562011719, -26.609920501708984, 5.283250998655806
99.3460693359375, -25.545610427856445, 5.317017559458153
99.3776626586914, -24.48147964477539, 5.3032439960642765
99.42735290527344, -23.42041778564453, 5.292397797745546
99.4731216430664, -22.268415451049805, 6.175820355638305
99.44065856933594, -20.94076156616211, 6.800245786580789
99.40032958984375, -19.82096290588379, 3.6298930387908945
99.40081024169922, -18.645902633666992, 2.873266716290406
99.38436126708984, -17.334314346313477, 3.3302441750406593
99.36585998535156, -16.010404586791992, 3.4951830452811437
99.38987731933594, -14.75113582611084, 4.861370495267072
99.40679168701172, -13.708157539367676, 5.343960800250205
99.35030364990234, -12.648573875427246, 5.201752279983611
99.28214263916016, -11.467265129089355, 2.2614742551459575
99.26190948486328, -10.331151008605957, 1.9333977070883577
99.27345275878906, -9.279637336730957, 2.8247302135415224
99.26284790039062, -8.210331916809082, 3.994631824094028
99.24432373046875, -7.010463237762451, 3.9717182572197043
99.28491973876953, -5.713278293609619, 5.145065349834248
99.2510757446289, -4.646199703216553, 5.436672898239692
99.21363067626953, -3.528778314590454, 5.826852235404582
99.24837493896484, -2.383578300476074, 5.646100954702384
99.31292724609375, -1.2793312072753906, 5.387872313511639
99.32627868652344, -0.24043616652488708, 5.067538253646635
99.2911148071289, 0.7695934772491455, 5.1201843596425975
99.2750244140625, 1.8430111408233643, 5.55788359518231
99.33950805664062, 2.9452240467071533, 5.499537401183106
99.443359375, 4.040194988250732, 5.496804936290972
99.50374603271484, 5.185481548309326, 6.16744652048741
99.44363403320312, 6.463165760040283, 6.495876199267535
99.31104278564453, 7.658836364746094, 4.567733799240586
99.25531768798828, 8.877321243286133, 2.6881979915446483
99.19976043701172, 10.070634841918945, 3.028173454713838
99.17670440673828, 11.279850959777832, 3.27807823799947
99.16188049316406, 12.483983993530273, 4.6985684090469455
99.17718505859375, 13.50635814666748, 5.2665277006897595
99.1511001586914, 14.585911750793457, 5.752287850470001
99.09699249267578, 15.836831092834473, 6.472970917178515
99.09221649169922, 17.088237762451172, 5.127135190586229
99.11210632324219, 18.1312198638916, 2.0385242474367815
99.13920593261719, 19.352867126464844, 4.015040544960922
99.15625, 20.728710174560547, 5.083738507942381
99.16993713378906, 21.75421905517578, 5.040390865636106
99.19132232666016, 22.812259674072266, 5.585961749442363
99.18508911132812, 23.92379379272461, 5.551230503807157
99.1612548828125, 25.03271484375, 5.541989235661741
99.18555450439453, 26.151988983154297, 5.933896480496609
99.23011779785156, 27.421483993530273, 6.614984506214058
99.2132797241211, 28.70261573791504, 5.408937148703424
99.2153091430664, 29.90201759338379, 2.5066342176764533
99.15435028076172, 31.2989501953125, 4.447735418383728
99.18221282958984, 32.81657409667969, 5.31267631001052
99.17802429199219, 33.88505554199219, 5.321643276315347
99.10987091064453, 34.94618225097656, 5.2927561860229355
99.03826904296875, 36.00745391845703, 5.465336739373848
99.0409164428711, 37.19285202026367, 6.319193179038098
99.0859146118164, 38.52696990966797, 6.6068572479672945
99.08769226074219, 39.66813278198242, 3.9997063991478035
99.07320404052734, 40.74878692626953, 2.4470675917347737
99.06916046142578, 41.95689392089844, 2.39383616546104
99.06658172607422, 43.13545227050781, 3.848939299517485
99.05909729003906, 44.5098762512207, 5.241064902909029
99.06146240234375, 45.572914123535156, 5.377894470851014
99.05120849609375, 46.73297119140625, 6.156028811748518
99.02749633789062, 48.03267288208008, 6.626800066480753
99.02828979492188, 49.15863037109375, 3.7984535861946536
99.03038024902344, 50.18930435180664, 2.762540682659356
99.04214477539062, 51.229129791259766, 4.131602236455399
99.03834533691406, 52.63671875, 5.182975831967611
99.03546905517578, 53.67038345336914, 5.090490099029007
99.04351043701172, 54.70289993286133, 5.247759649444485
99.0426254272461, 55.807373046875, 5.4408909073056515
99.01180267333984, 56.91824722290039, 5.427579684014429
99.00101470947266, 58.03046798706055, 5.809581223770525
99.05667877197266, 59.428749084472656, 7.547979049713355
99.06307220458984, 60.8773307800293, 6.8420391877002436
99.00894165039062, 61.8953857421875, 2.9545725591536867
98.97663116455078, 63.16033935546875, 3.328470019906765
98.95018005371094, 64.39034271240234, 4.787741382624916
98.95822143554688, 65.42594909667969, 5.374040006481522
98.91300201416016, 66.50051879882812, 5.434904181724989
98.86314392089844, 67.57272338867188, 5.417405245959324
98.88316345214844, 68.63793182373047, 5.362416496399717
98.93092346191406, 69.8230972290039, 6.423062647815763
98.91435241699219, 71.11290740966797, 6.328853029930642
98.87589263916016, 72.26953125, 0.9026552948352361
98.9356460571289, 73.37535095214844, 3.3745082226389065
98.90963745117188, 74.59951782226562, 4.683101750820142
98.83940124511719, 75.9960708618164, 4.662424778085334
98.91303253173828, 77.36000061035156, 4.3643534344457695
98.9262466430664, 78.80967712402344, 5.269625099246124
98.89236450195312, 79.90096282958984, 5.801697111453676
98.90937042236328, 81.09312438964844, 6.215630947281601
98.94813537597656, 82.34319305419922, 6.118377469061591
98.94873046875, 83.42888641357422, 1.2712337380657197
98.93437194824219, 84.55638122558594, 1.9397837903157884
98.9123306274414, 85.70829772949219, 3.256422514602197
98.89254760742188, 86.89507293701172, 4.535981432026818
98.86031341552734, 88.39591979980469, 5.239337622432557
98.79703521728516, 89.42537689208984, 5.1093512878434
98.68736267089844, 90.4491195678711, 5.2249649567004575
98.60618591308594, 91.49986267089844, 5.249221881002029
98.59149932861328, 92.5472640991211, 5.234433910161182
98.57286834716797, 93.61276245117188, 5.983992758161585
98.43565368652344, 95.03376770019531, 7.570210087559069
98.15326690673828, 96.42250061035156, 6.2451905157607746
97.90862274169922, 97.50687408447266, 1.5550596350211774
97.70479583740234, 98.5276870727539, 3.602491919416532
97.43719482421875, 99.81079864501953, 5.037123470222833
97.26707458496094, 100.85596466064453, 5.380417252298188
97.07394409179688, 101.90850067138672, 5.343973286216581
96.79971313476562, 102.93286895751953, 5.277766123707147
96.4173583984375, 103.92205047607422, 5.587292174598919
95.94297790527344, 105.06168365478516, 6.534895860961349
95.47974395751953, 106.29512786865234, 6.489989590722634
95.15503692626953, 107.31812286376953, 0.16251288995673246
94.78775787353516, 108.34259796142578, 2.802794586826733
94.40863037109375, 109.39017486572266, 2.7925764406896487
93.98880004882812, 110.55918884277344, 3.867408015985027
93.41094207763672, 111.80409240722656, 5.218864724248653
92.87277221679688, 112.74454498291016, 5.611765299836653
92.31784057617188, 113.74612426757812, 5.851714084901355
91.80236053466797, 114.80016326904297, 5.806287118408766
91.33123779296875, 115.80702209472656, 5.293240961772169
90.60112762451172, 117.06414031982422, 4.739008115972245
89.97444152832031, 117.86312103271484, 5.231967402795421
89.29377746582031, 118.67598724365234, 5.300226749569956
88.57644653320312, 119.45626831054688, 5.276335595829376
87.85677337646484, 120.230224609375, 5.264654785887669
87.14373779296875, 121.10498046875, 6.046891339344612
86.33708190917969, 122.12657165527344, 6.6274500495998385
85.53466796875, 123.0489730834961, 4.693717837459867
84.68950653076172, 123.76400756835938, 2.497710846696692
83.86473083496094, 124.39900970458984, 2.5861560269523998
82.9435043334961, 124.9809341430664, 3.2667142039373345
81.92840576171875, 125.64928436279297, 4.741579300491572
81.03431701660156, 126.15557098388672, 5.302780624160668
80.091552734375, 126.66434478759766, 5.495949493608687
79.04031372070312, 127.14659881591797, 6.096462197026361
77.86859130859375, 127.63188934326172, 6.373983451332091
76.83036804199219, 128.0956268310547, 4.091689905534921
75.80413818359375, 128.47122192382812, 2.667874111392556
74.82749938964844, 128.823974609375, 4.138708740029156
73.48265838623047, 129.2333526611328, 5.170785389981485
72.49501037597656, 129.5208740234375, 5.056081019026988
71.54188537597656, 129.84092712402344, 5.050260703033244
70.57108306884766, 130.15122985839844, 5.0989691887580655
69.58570861816406, 130.38381958007812, 5.040469257986933
68.57730865478516, 130.47459411621094, 5.503296700142434
67.2161636352539, 130.48094177246094, 7.518764464038468
65.73845672607422, 130.46176147460938, 6.984379767218145
64.66399383544922, 130.4831085205078, 3.1852494597024297
63.64482879638672, 130.49420166015625, 3.129132085667815
62.460506439208984, 130.44027709960938, 4.6671008563831435
61.44651412963867, 130.48406982421875, 5.260493516334621
60.395267486572266, 130.53515625, 5.271631798252977
59.34687423706055, 130.52516174316406, 5.225991908707536
58.30318069458008, 130.49720764160156, 5.2157437855622115
57.18581008911133, 130.53939819335938, 6.044170119821238
55.90650177001953, 130.6015167236328, 6.617914448346723
54.65896987915039, 130.60235595703125, 4.894771840731775
53.59090042114258, 130.60533142089844, 2.2940432890803724
52.50064468383789, 130.58932495117188, 2.812199825950739
51.38850021362305, 130.58059692382812, 2.954554091088716
50.28520584106445, 130.576904296875, 4.376852831559318
48.78431701660156, 130.57647705078125, 5.312425943057912
47.682064056396484, 130.54957580566406, 6.043431220942994
46.43962860107422, 130.5446014404297, 6.387239699540302
45.197025299072266, 130.59071350097656, 5.292172493581473
44.08137512207031, 130.60009765625, 2.1495028090370543
42.81184005737305, 130.6375274658203, 4.1179695643660725
41.40855026245117, 130.63938903808594, 5.170449444625257
40.381954193115234, 130.644775390625, 5.037891718987495
39.37859344482422, 130.6651611328125, 5.043225398480934
38.36166000366211, 130.65428161621094, 5.085988609506851
37.34682846069336, 130.62840270996094, 5.060920969838668
36.32977294921875, 130.6488494873047, 5.456111593701522
34.970699310302734, 130.69627380371094, 7.506711143180776
33.450721740722656, 130.6589813232422, 7.542895385024459
32.181724548339844, 130.52281188964844, 4.6532134314486395
31.152055740356445, 130.38304138183594, 2.750884304568285
30.076669692993164, 130.36468505859375, 4.309704324800541
28.586814880371094, 130.3356475830078, 5.2604885637275
27.528465270996094, 130.2578125, 5.293074080488934
26.471960067749023, 130.185546875, 5.2618755205419125
25.42059326171875, 130.1895751953125, 5.260181049195355
24.2631778717041, 130.304931640625, 6.357357426691413
22.91366958618164, 130.4502410888672, 6.856186180202905
21.835065841674805, 130.52542114257812, 3.34971372174883
20.697078704833984, 130.53599548339844, 2.8617923762213326
19.43148422241211, 130.534423828125, 3.1930013911160717
18.156448364257812, 130.51243591308594, 3.4517894404774676
16.90309715270996, 130.52699279785156, 4.848702907877033
15.864395141601562, 130.52365112304688, 5.273238947400359
14.764663696289062, 130.4317626953125, 5.740996004998125
13.539133071899414, 130.29644775390625, 6.43833902760427
12.273441314697266, 130.2062225341797, 5.770493786963232
11.245030403137207, 130.22801208496094, 1.273307773201317
10.03082275390625, 130.2461700439453, 3.5600254160309572
8.763269424438477, 130.25608825683594, 4.7634853462248525
7.7508544921875, 130.23907470703125, 5.148966645350746
6.736327171325684, 130.25762939453125, 5.302803171310635
5.631372928619385, 130.3050537109375, 5.513059574986398
4.532718181610107, 130.2910919189453, 5.461523849951218
3.4488210678100586, 130.18597412109375, 5.443789703887038
2.2649755477905273, 130.07286071777344, 6.494241592848582
0.8953970074653625, 130.02987670898438, 6.964118472290143
-0.2613970637321472, 130.0888671875, 3.9959184727424364
-1.557555079460144, 130.1232452392578, 3.255185930901404
-2.7729671001434326, 130.19937133789062, 4.747822143505966
-3.8016936779022217, 130.19876098632812, 5.305086296559531
-4.863056659698486, 130.1377716064453, 5.331494497556883
-5.923314571380615, 130.10350036621094, 5.2980202618877685
-6.977428913116455, 130.12939453125, 5.286682324227302
-8.132046699523926, 130.13726806640625, 6.207028757850686
-9.465882301330566, 130.06883239746094, 6.837068973278942
-10.53132152557373, 130.03546142578125, 3.3035585079360423
-11.630573272705078, 130.03936767578125, 2.8015499834779205
-12.900933265686035, 130.029052734375, 3.227973893380249
-14.18923568725586, 130.02621459960938, 3.473266517171496
-15.443483352661133, 130.03082275390625, 4.845962373502769
-16.48278045654297, 130.0347442626953, 5.316195098484218
-17.556577682495117, 130.01010131835938, 5.47111038385559
-18.648651123046875, 130.00381469726562, 5.4032863236691036
-19.711620330810547, 130.03590393066406, 1.042572101162617
-20.791606903076172, 130.04762268066406, 3.34034384037838
-21.95361328125, 130.04501342773438, 3.996589516343085
-23.155399322509766, 130.0647735595703, 3.9872093453274613
-24.58906364440918, 130.0432586669922, 5.367154436238799
-25.68067741394043, 130.03701782226562, 5.630181891334343
-26.84477996826172, 130.08578491210938, 5.840922140310148
-27.92119026184082, 130.0883331298828, 4.472659159652492
-29.108665466308594, 130.0856475830078, 3.078183172440037
-30.280595779418945, 130.0660858154297, 4.621977504315263
-31.29465675354004, 130.06085205078125, 5.309966581125901
-32.36288833618164, 130.0822296142578, 5.335831661364043
-33.42832946777344, 130.07188415527344, 5.302661022128519
-34.48725509643555, 130.0030975341797, 5.28429362190174
-35.618709564208984, 129.9413299560547, 6.052510894950781
-36.89120101928711, 129.96571350097656, 6.474745331554638
-38.08475875854492, 130.03237915039062, 4.619999211860529
-39.166893005371094, 130.0357666015625, 2.160082595866381
-40.225990295410156, 130.03724670410156, 2.728166501399137
-41.321189880371094, 130.0350799560547, 2.9331676964172955
-42.419715881347656, 130.0262908935547, 4.373301790731429
-43.92009353637695, 130.01458740234375, 5.309227895655032
-45.00954818725586, 129.9886932373047, 5.786119746701861
-46.26652145385742, 130.00184631347656, 6.479376249376171
-47.53388214111328, 130.0211944580078, 5.378211792703297
-48.63113784790039, 129.998779296875, 2.1645891311656285
-49.89021682739258, 129.98313903808594, 4.0608577322473725
-51.27684020996094, 129.94366455078125, 5.117438783477206
-52.30941390991211, 129.90074157714844, 5.093907320189417
-53.319393157958984, 129.91383361816406, 5.058138060557463
-54.33824920654297, 129.95266723632812, 5.095779861329791
-55.354393005371094, 129.94357299804688, 5.052985080065338
-56.3611946105957, 129.86024475097656, 5.244758882022756
-57.693538665771484, 129.76817321777344, 7.443032349905997
-59.217044830322266, 129.77206420898438, 7.65130018528178
-60.555301666259766, 129.88255310058594, 5.031992023603167
-61.71677780151367, 129.99957275390625, 3.0589051089318073
-62.87411117553711, 129.9441375732422, 4.559995884177749
-63.877899169921875, 129.841552734375, 5.335989982482258
-64.94255828857422, 129.74752807617188, 5.371575000575175
-66.00663757324219, 129.64024353027344, 5.356636854004236
-67.05982971191406, 129.48135375976562, 5.330714592284906
-68.17778015136719, 129.31149291992188, 6.088942362851586
-69.43260192871094, 129.0628204345703, 6.539487497801708
-70.57695770263672, 128.75013732910156, 4.525587243692525
-71.60163116455078, 128.43280029296875, 2.293646055060452
-72.65690612792969, 128.08677673339844, 2.8732325148567726
-73.736083984375, 127.72224426269531, 2.9741603942517836
-74.7730484008789, 127.36796569824219, 4.342213610648466
-76.16187286376953, 126.82784271240234, 5.368593118280408
-77.1730728149414, 126.34326171875, 5.945176119975265
-78.28165435791016, 125.82887268066406, 6.204617331676577
-79.3086929321289, 125.42338562011719, 4.043995101209206
-80.34575653076172, 124.86976623535156, 2.672423980960827
-81.25782775878906, 124.38182067871094, 4.129338291811528
-82.45955657958984, 123.65608978271484, 5.16364327040816
-83.32530212402344, 123.0905532836914, 5.0821325486913596
-84.13194274902344, 122.48896026611328, 5.027512940481883
-84.91105651855469, 121.85236358642578, 5.027646220001737
-85.70539855957031, 121.24093627929688, 5.002875382710153
-86.5895004272461, 120.56332397460938, 6.638244353362969
-87.69410705566406, 119.5907211303711, 7.771841166856177
-88.70734405517578, 118.47465515136719, 7.0648760726398985
-89.3751220703125, 117.64036560058594, 3.3163533259904003
-90.17694854736328, 116.64701080322266, 3.665163971825464
-90.97515106201172, 115.58647918701172, 5.096176377103142
-91.65079498291016, 114.78580474853516, 5.257040449748078
-92.31627655029297, 113.97545623779297, 5.236252926076677
-92.9132308959961, 113.12409210205078, 5.176916153474084
-93.47718811035156, 112.23391723632812, 5.538048884912672
-94.15506744384766, 111.23593139648438, 6.485673077695307
-94.9128189086914, 110.16876983642578, 6.364400955043918
-95.5447998046875, 109.20024871826172, 1.0113784015536809
-96.0880126953125, 108.19025421142578, 3.4526471768511935
-96.65959930419922, 107.10210418701172, 4.417989510838514
-97.24540710449219, 105.9210205078125, 4.400837952851726
-97.75786590576172, 104.74784851074219, 4.327668676840997
-98.32686614990234, 103.38648223876953, 5.257511767040196
-98.81689453125, 102.4096450805664, 5.902493990279857
-99.3566665649414, 101.31951141357422, 6.296130456676191
-99.8387451171875, 100.1590805053711, 6.092035551962266
-100.1678237915039, 99.21285247802734, 1.2310300774056893
-100.5306396484375, 98.12197875976562, 1.7744581707981253
-100.79743957519531, 97.04820251464844, 3.764837570813667
-101.21286010742188, 95.80497741699219, 4.886034992544271
-101.48768615722656, 94.8177261352539, 5.075648887220564
-101.68624114990234, 93.81263732910156, 5.106760106194762
-101.89998626708984, 92.80636596679688, 5.174003434944841
-102.16182708740234, 91.80715942382812, 5.160210798153522
-102.40493774414062, 90.80675506591797, 5.128096525851193
-102.6061019897461, 89.66969299316406, 6.908974668836957
-102.84815979003906, 88.1991195678711, 7.519639488788235
-103.09275817871094, 86.91787719726562, 4.9412859692088995
-103.21548461914062, 85.7835464477539, 3.0077090207517556
-103.40412139892578, 84.64960479736328, 4.531405127731217
-103.5722427368164, 83.66261291503906, 5.322081630634277
-103.68507385253906, 82.6039810180664, 5.315989605868714
-103.73381805419922, 81.5406494140625, 5.302537248357192
-103.78555297851562, 80.48041534423828, 5.287356348597479
-103.9174575805664, 79.3729476928711, 5.9400588171010735
-104.1005859375, 78.07925415039062, 6.765405757683393
-104.22663879394531, 76.78240203857422, 5.48029060652368
-104.24153137207031, 75.73612976074219, 1.8375696481311843
-104.21216583251953, 74.68518829345703, 2.9500685354080565
-104.2110595703125, 73.51079559326172, 2.871484963320121
-104.17460632324219, 72.09600830078125, 4.428599294557328
-104.17790985107422, 70.5926284790039, 5.22627551717158
-104.08918762207031, 69.53096771240234, 5.513203581571238
-103.96607208251953, 68.36260223388672, 6.230480724252647
-103.89468383789062, 67.08311462402344, 6.3740135139035585
-103.91593170166016, 65.96149444580078, 4.165728871275013
-103.94422912597656, 64.9109878540039, 2.31365158997835
-103.97998046875, 63.58578109741211, 4.217959656591849
-103.97461700439453, 62.15647506713867, 5.249145694224857
-103.99108123779297, 61.12566375732422, 5.089498830640716
-104.00296783447266, 60.08990478515625, 5.276592587626578
-103.97286987304688, 59.01985168457031, 5.219077716735022
-103.95002746582031, 57.953704833984375, 5.199437134922084
-103.98944854736328, 56.878143310546875, 5.93261867407267
-104.0490493774414, 55.45839309692383, 7.816633936391616
-104.02194213867188, 53.93235778808594, 7.1863204804365575
-103.96346282958984, 52.8055305480957, 3.6936445017606405
-103.92549896240234, 51.60507583618164, 2.8126278507034645
-103.89495086669922, 50.53275680541992, 4.216711504851453
-103.84310150146484, 49.10557174682617, 5.24243423273504
-103.7867431640625, 48.07093811035156, 5.145399998105813
-103.76351928710938, 47.043846130371094, 5.129232892946872
-103.76302337646484, 46.02004623413086, 5.106597876402294
-103.70079803466797, 44.91852569580078, 6.062437929632205
-103.54652404785156, 43.63991165161133, 6.563509397506578
-103.42025756835938, 42.61080551147461, 3.187831316569441
-103.3043212890625, 41.54045867919922, 2.985513964672418
-103.16222381591797, 40.406227111816406, 4.522289768280681
-102.92691802978516, 38.9119758605957, 5.198699863534751
-102.677490234375, 37.902740478515625, 5.190597924534223
-102.32704162597656, 36.93697738647461, 5.103932750593935
-101.90113830566406, 35.99468994140625, 5.396513481391022
-101.30616760253906, 34.98701477050781, 6.244130371785322
-100.5625991821289, 33.934165954589844, 6.418396906449748
-99.86383819580078, 33.08180236816406, 3.6310448291808135
-99.11038208007812, 32.149227142333984, 2.208440223261953
-98.40774536132812, 31.28830337524414, 2.428500920058201
-97.37574768066406, 30.414710998535156, 4.3594622020131375
-96.13665008544922, 29.593204498291016, 5.200941726264363
-95.1287612915039, 29.19754981994629, 5.71153388777345
-93.96834564208984, 28.92179298400879, 6.231174015231299
-92.71720123291016, 28.724998474121094, 6.188679453833804
-91.70515441894531, 28.581825256347656, 3.248116297685748
-90.54851531982422, 28.358428955078125, 2.462915098887535
-89.19939422607422, 28.270143508911133, 4.247202909282913
-87.77500915527344, 28.10613250732422, 5.184889424978914
-86.760498046875, 28.039615631103516, 5.2832422477613274
-85.64917755126953, 28.059946060180664, 5.545598892448436
-84.5357666015625, 28.067724227905273, 5.567389878226636
-83.4259262084961, 28.013837814331055, 5.548786567998872
-82.32133483886719, 27.92955207824707, 5.528232026854533
-81.05046081542969, 27.89915657043457, 6.942162368872343
-79.6478271484375, 27.982208251953125, 6.985668795901121
-78.52177429199219, 28.054611206054688, 3.617244187402432
-77.3557357788086, 28.039037704467773, 3.0578941702822475
-76.19700622558594, 28.101436614990234, 4.5774412716605655
-75.19499206542969, 28.095582962036133, 5.209546677463376
-74.1557388305664, 28.04177474975586, 5.213405737200929
-73.11614990234375, 28.018659591674805, 5.17922667924365
-72.08409881591797, 28.05579376220703, 5.155370351376137
-70.98223114013672, 28.060453414916992, 5.896821330610513
-69.71057891845703, 27.98567008972168, 6.5133087648441315
-68.51680755615234, 27.9403018951416, 4.611079872098712
-67.3405532836914, 27.998504638671875, 2.6749603508424227
-66.34036254882812, 27.976102828979492, 3.6980994835794245
-65.2363052368164, 27.9837589263916, 3.671655244178404
-64.15065002441406, 27.994672775268555, 3.705097244030641
-62.83982849121094, 27.94852638244629, 5.024008209009712
-61.80635070800781, 27.99873924255371, 5.183126442537077
-60.73611831665039, 28.07020378112793, 5.600128340819872
-59.54237747192383, 28.081722259521484, 6.3428321837533055
-58.25112533569336, 28.03499412536621, 6.358669487651542
-57.243412017822266, 28.00272560119629, 2.7418364993438815
-56.057762145996094, 27.99486541748047, 3.1509338264984272
-54.900672912597656, 27.983055114746094, 4.458604996953613
-53.41615295410156, 27.98569679260254, 5.18019370309855
-52.39866638183594, 27.97527313232422, 5.04471289757968
-51.383113861083984, 27.976478576660156, 5.120242665632898
-50.36130905151367, 28.003273010253906, 5.099740860314189
-49.34333038330078, 27.990150451660156, 5.078912523738192
-48.21702575683594, 27.940664291381836, 6.754694522665302
-46.746116638183594, 27.94359588623047, 7.4239973873005445
-45.48930740356445, 28.032699584960938, 4.589480326615789
-44.47748565673828, 28.113439559936523, 2.7192234146377117
-43.416751861572266, 28.111961364746094, 4.283424431795363
-41.93601989746094, 28.194793701171875, 5.312942831410125
-40.873497009277344, 28.23288917541504, 5.313994522507034
-39.817020416259766, 28.204730987548828, 5.2931795005081845
-38.763675689697266, 28.200931549072266, 5.265399369502842
-37.60693359375, 28.26175308227539, 6.333993767956501
-36.27882385253906, 28.28582000732422, 6.758380821499063
-35.18718338012695, 28.24127960205078, 3.54221388113718
-34.010337829589844, 28.21876335144043, 2.924941619827669
-32.7078742980957, 28.17702865600586, 3.284292591250756
-31.39757537841797, 28.13129425048828, 3.4946181959823877
-30.140209197998047, 28.120195388793945, 4.852684178163384
-29.09636688232422, 28.142309188842773, 5.357958008062119
-28.003385543823242, 28.11098289489746, 5.698240426464921
-26.762596130371094, 28.0667724609375, 6.4944333965380165
-25.506805419921875, 28.085893630981445, 5.284469399627014
-24.480337142944336, 28.102134704589844, 1.9339164495698067
-23.296825408935547, 28.128665924072266, 3.937474915687258
-21.94051170349121, 28.14210319519043, 5.024118035004574
-20.92385482788086, 28.158212661743164, 5.2238899054545795
-19.841699600219727, 28.178661346435547, 5.377303131850547
-18.769277572631836, 28.171144485473633, 5.356637841149828
-17.699169158935547, 28.155860900878906, 5.346673036708521
-16.621501922607422, 28.193939208984375, 5.812813812535665
-15.330781936645508, 28.24706268310547, 6.92861325162579
-13.943496704101562, 28.22487449645996, 6.353981770965216
-12.939021110534668, 28.196346282958984, 1.6827242844887476
-11.841418266296387, 28.186153411865234, 3.7673066642124757
-10.492815971374512, 28.13985252380371, 5.160060075924094
-9.430482864379883, 28.18924903869629, 5.356914447253784
-8.355316162109375, 28.243446350097656, 5.25127108781217
-7.286204814910889, 28.23399543762207, 5.203631362960302
-6.193721771240234, 28.201915740966797, 5.850189193267714
-4.950070858001709, 28.24150276184082, 6.651977227369453
-3.642428159713745, 28.302635192871094, 5.544865378800151
-2.5930628776550293, 28.298662185668945, 1.9287497636120898
-1.4593465328216553, 28.305280685424805, 3.362871138625695
-0.449553906917572, 28.30459213256836, 3.3548302346369487
0.91866534948349, 28.299739837646484, 3.8768497964364017
2.2957634925842285, 28.29492950439453, 5.241705437863203
3.3710873126983643, 28.311336517333984, 5.718838004162831
4.546785354614258, 28.29313087463379, 6.022234799627148
5.726432800292969, 28.23690414428711, 5.698409032380746
6.8752875328063965, 28.26961326599121, 3.333897961529792
7.8774566650390625, 28.330307006835938, 3.33115536313746
9.117352485656738, 28.301971435546875, 2.5577502440170035
10.402097702026367, 28.33392333984375, 4.060470940993908
11.78982925415039, 28.26885223388672, 5.124705983750095
12.821404457092285, 28.247493743896484, 5.079146356923868
13.846535682678223, 28.299617767333984, 5.185601704161502
14.966632843017578, 28.367692947387695, 6.039086575119032
16.17237663269043, 28.369569778442383, 5.997108959411973
17.204753875732422, 28.3231201171875, 3.485526094434891
18.74675750732422, 28.340229034423828, 5.8651498366992465
19.98384666442871, 28.416690826416016, 6.62413054275141
21.2813663482666, 28.45505714416504, 5.795972647997596
22.34824562072754, 28.369293212890625, 1.7296777553997529
23.47244644165039, 28.333410263061523, 3.83924829825234
24.850467681884766, 28.30720329284668, 5.250589145787394
25.902931213378906, 28.22840118408203, 5.285787186143481
26.95600128173828, 28.200843811035156, 5.241210918218621
27.99391746520996, 28.27979850769043, 5.156007979695823
29.031993865966797, 28.497392654418945, 5.700706237916504
30.22707748413086, 28.809783935546875, 6.484383218112504
31.47689437866211, 29.153722763061523, 6.3140241711029095
32.42888259887695, 29.478466033935547, 0.42636675773823945
33.41181945800781, 29.78055191040039, 2.6129718302494678
34.37408447265625, 30.145917892456055, 2.5646355785736934
35.42500305175781, 30.71831512451172, 3.8572108919189585
36.52569580078125, 31.51854133605957, 5.149517003181296
37.257808685302734, 32.2917366027832, 5.325109846988156
37.873104095458984, 33.20054626464844, 5.738375356629203
38.45092010498047, 34.28120422363281, 6.440917058205517
38.96794509887695, 35.44242858886719, 6.11838643992297
39.27604293823242, 36.4547004699707, 0.9323614667380439
39.63663864135742, 37.45057678222656, 3.207730771564064
39.965023040771484, 38.58324432373047, 4.511721199318474
40.16388702392578, 40.05828094482422, 5.172576110506219
40.24407958984375, 41.079349517822266, 5.118835450685632
40.24858093261719, 42.13162612915039, 5.214508070919299
40.26236343383789, 43.19730758666992, 5.1875259955484685
40.32337188720703, 44.25626754760742, 5.172879243838879
40.36769104003906, 45.40253829956055, 6.294474403574361
40.34775161743164, 46.590576171875, 5.104892633030134
40.370628356933594, 47.75486755371094, 2.3524191140460826
40.36992263793945, 49.13526916503906, 4.450894928816092
40.40431594848633, 50.64449691772461, 5.018942183883962
40.44011306762695, 51.666053771972656, 2.371592676681531
40.484867095947266, 53.024051666259766, 4.295987309321609
40.53028106689453, 54.38850784301758, 4.1900383641584895
40.49216079711914, 55.55596160888672, 4.135927029911603
40.52679443359375, 56.89789962768555, 4.533806639274191
40.531829833984375, 58.25442123413086, 4.486614757335296
40.40706253051758, 59.26160430908203, 5.424391213877117
40.10665512084961, 60.33341979980469, 5.725935426871434
39.53810119628906, 61.402976989746094, 6.071932062417112
38.75875473022461, 62.28535461425781, 5.513538301012449
37.82773208618164, 62.9849853515625, 3.7404497649080723
36.7094612121582, 63.687171936035156, 5.04741474134361
35.82463073730469, 64.24939727783203, 5.266961296651059
34.89897155761719, 64.75125122070312, 5.246231651614608
33.9708366394043, 65.24118041992188, 5.207481397080826
32.99494171142578, 65.63928985595703, 5.521490149904293
31.8249568939209, 65.92322540283203, 6.346849364268867
30.515592575073242, 66.09602355957031, 6.606703143245036
29.489147186279297, 66.1947021484375, 3.157215606818637
28.451581954956055, 66.24711608886719, 2.700492321834664
27.331790924072266, 66.28524017333984, 2.7993545501649293
26.16647720336914, 66.28645324707031, 3.43154091234196
24.90654754638672, 66.3297119140625, 4.883279527709409
23.877321243286133, 66.32424926757812, 5.182474680882833
22.815336227416992, 66.28754425048828, 5.515349213835422
21.642364501953125, 66.28972625732422, 6.218474747509783
20.359609603881836, 66.3544692993164, 6.405029734696924
19.256322860717773, 66.4067153930664, 3.557272589620785
18.241268157958984, 66.40766143798828, 2.764936431194996
17.176939010620117, 66.41481018066406, 4.215450681999869
15.747882843017578, 66.38431549072266, 5.249522084692903
14.719264030456543, 66.39640808105469, 5.075216751858416
13.685744285583496, 66.43008422851562, 5.2673461833448645
12.622697830200195, 66.41659545898438, 5.175842588149459
11.565584182739258, 66.35179138183594, 5.164499651079542
10.495466232299805, 66.30093383789062, 5.918741431175917
9.0845365524292, 66.36146545410156, 7.780309438913269
7.550839900970459, 66.49944305419922, 7.356921315886938
6.492032527923584, 66.56842041015625, 3.2156445049126794
5.255973815917969, 66.54536437988281, 3.6081483807090233
3.9444692134857178, 66.56609344482422, 5.043818336609089
2.9066662788391113, 66.5060043334961, 5.211604120657483
1.8661963939666748, 66.43313598632812, 5.212401057746931
0.8295788168907166, 66.4188232421875, 5.168398800209417
-0.21607448160648346, 66.4679183959961, 5.48276710541738
-1.419372320175171, 66.51463317871094, 6.450396957709703
-2.715857744216919, 66.48628997802734, 6.310748825327453
-3.732213020324707, 66.42742156982422, 0.09300271091982583
-4.811967849731445, 66.42147064208984, 3.1827808022936894
-5.899807453155518, 66.35533905029297, 3.7168585748598093
-7.0138373374938965, 66.37252044677734, 3.6874776350300946
-8.131202697753906, 66.30780792236328, 4.142533082758684
-9.572465896606445, 66.23273468017578, 5.196201141799929
-10.61789608001709, 66.25115966796875, 5.3544701661859095
-11.748069763183594, 66.24529266357422, 5.965373168946589
-13.011425018310547, 66.16790771484375, 6.507618131330725
-14.255830764770508, 66.12382507324219, 5.393596860971872
-15.39622974395752, 66.12571716308594, 2.2404681162176794
-16.675493240356445, 66.1363296508789, 4.090952853732811
-18.07280158996582, 66.1463623046875, 5.1512054389286925
-19.107948303222656, 66.15614318847656, 5.129160091475648
-20.139368057250977, 66.15029907226562, 5.284695687184688
-21.229408264160156, 66.15168762207031, 5.463639596022144
-22.322412490844727, 66.18238830566406, 5.44775227575518
-23.413053512573242, 66.1925048828125, 5.554272557449789
-24.772748947143555, 66.07571411132812, 7.493689746643897
-26.233877182006836, 65.87886047363281, 6.964849132262595
-27.31001853942871, 65.76199340820312, 3.4625949614275724
-28.577688217163086, 65.75993347167969, 3.6077156037564535
-29.881540298461914, 65.67407989501953, 5.021436265226629
-30.89718246459961, 65.48873138427734, 5.16773768188731
-31.903377532958984, 65.24095916748047, 5.180491670295813
-32.90882873535156, 64.99739837646484, 5.16811763579071
-33.91122817993164, 64.7107925415039, 5.451670332107604
-35.0023307800293, 64.25080108642578, 6.29526210083129
-36.07243728637695, 63.575843811035156, 6.180662605840175
-37.022090911865234, 62.76170349121094, 2.042167006858764
-37.864383697509766, 61.93314743041992, 3.8197884346501225
-38.790950775146484, 60.94962692260742, 5.129012552161609
-39.574100494384766, 60.235862731933594, 5.427749321579513
-40.460121154785156, 59.436058044433594, 6.383239161177291
-41.342254638671875, 58.53257369995117, 6.09986207301167
-41.93748474121094, 57.5960693359375, 2.220368915265733
-42.042659759521484, 56.305999755859375, 4.192495308463908
-41.918006896972656, 54.831687927246094, 5.370895025174411
-41.71641159057617, 53.727962493896484, 5.900390073568019
-41.45566940307617, 52.557777404785156, 5.985908397284074
-41.25731658935547, 51.558284759521484, 1.1366315180464934
-41.25609588623047, 50.39463424682617, 3.5303609964399563
-41.211116790771484, 49.30143356323242, 0.17317610040809453
-41.26124954223633, 48.029052734375, 3.3189933798580054
-41.31374740600586, 46.87306594848633, 3.9837565681382343
-41.38681411743164, 45.67714309692383, 3.9746262904540353
-41.371788024902344, 44.249549865722656, 5.350403017624961
-41.36597442626953, 43.144588470458984, 5.845222233755338
-41.3116455078125, 41.98606491088867, 5.675609124756236
-41.24998092651367, 40.82463455200195, 3.499596738661585
-41.22499084472656, 39.66728973388672, 4.407760852402156
-41.31417465209961, 38.16032028198242, 5.348965699530692
-41.31781768798828, 37.09105682373047, 5.352622604004313
-41.21903610229492, 36.03769302368164, 5.276365338798702
-40.967735290527344, 35.02914047241211, 5.298134436658928
-40.44850540161133, 34.0060920715332, 6.107963942692733
-39.667503356933594, 32.97908020019531, 6.504174802592626
-38.83010482788086, 32.10773468017578, 4.841878278275721
-38.06363296508789, 31.381481170654297, 2.2687148196617373
-37.27191925048828, 30.74397087097168, 2.5777475435649824
-36.47538375854492, 30.083316802978516, 2.9121953147689035
-35.60944366455078, 29.404150009155273, 4.357349026207961
-34.29849624633789, 28.69520378112793, 5.3753178915063025
-33.23919677734375, 28.39424705505371, 5.750103257749433
-32.04193115234375, 28.29560089111328, 6.192334220249737
-30.85445213317871, 28.35749053955078, 5.08042276122145
-29.678571701049805, 28.39487648010254, 2.4702018513582638
-28.312639236450195, 28.41609001159668, 4.274472738156156
-26.875877380371094, 28.498397827148438, 5.104451368708036
-25.85123062133789, 28.49165916442871, 5.464306081598914
-24.764362335205078, 28.390180587768555, 5.425455440821159
-23.686248779296875, 28.2919921875, 5.398368563016589
-22.611141204833984, 28.257511138916016, 5.345715563369063
-21.526147842407227, 28.316574096679688, 5.907824065679735
-20.222681045532227, 28.388988494873047, 6.834102216996345
-18.901092529296875, 28.39225196838379, 6.2768851037181
-17.87672996520996, 28.313711166381836, 0.8060468229581704
-16.84855842590332, 28.290225982666016, 3.2152551762971373
-15.647181510925293, 28.22021484375, 4.712414033386831
-14.62339973449707, 28.233381271362305, 5.294647026043555
-13.56491470336914, 28.24020004272461, 5.2985957695846215
-12.513516426086426, 28.178974151611328, 5.24730184186855
-11.468189239501953, 28.09246063232422, 5.2402773304213985
-10.33694839477539, 28.064109802246094, 6.102918814169531
-9.051676750183105, 28.122892379760742, 6.5834787058028965
-7.8285698890686035, 28.196659088134766, 4.764033278570937
-6.596203327178955, 28.210086822509766, 2.568313191056454
-5.563666820526123, 28.23227310180664, 2.580629972663022
-4.462340354919434, 28.243804931640625, 3.3531866464573215
-3.2216525077819824, 28.247249603271484, 4.820531269219899
-2.1819679737091064, 28.27291488647461, 5.317967118841858
-1.0894389152526855, 28.283098220825195, 5.661133512408113
0.1718808263540268, 28.235546112060547, 6.592873293013387
1.4588958024978638, 28.19550323486328, 5.465744295455139
2.627370595932007, 28.214418411254883, 2.4136538198179194
3.971013069152832, 28.203521728515625, 4.228265761839624
5.403936862945557, 28.195648193359375, 5.24352162786779
6.430332660675049, 28.193538665771484, 5.111814832910785
7.466192245483398, 28.191701889038086, 5.3788724933852174
8.564178466796875, 28.18733787536621, 5.485736515379794
9.662726402282715, 28.190025329589844, 5.474021536118314
10.768475532531738, 28.202659606933594, 5.9462551238163055
12.155482292175293, 28.19420051574707, 7.163602047542356
13.51695728302002, 28.170833587646484, 6.38347671185975
14.61553955078125, 28.175825119018555, 1.874254296329047
15.787251472473145, 28.181556701660156, 3.9668585742373152
17.194332122802734, 28.193410873413086, 5.34285578227412
18.260299682617188, 28.19298553466797, 5.329650988078323
19.327600479125977, 28.185420989990234, 5.319599817672804
20.391265869140625, 28.207706451416016, 5.298314509384749
21.497833251953125, 28.235004425048828, 5.886677450901545
22.761171340942383, 28.196271896362305, 6.6335535160810855
24.047454833984375, 28.13553810119629, 5.338908944312741
25.231689453125, 28.152711868286133, 2.236801537241556
26.371776580810547, 28.159427642822266, 2.9951977619971277
27.554044723510742, 28.253122329711914, 3.0071483958595278
28.64975929260254, 28.366024017333984, 4.357340758268723
30.144847869873047, 28.428556442260742, 5.297359186358668
31.23089027404785, 28.525386810302734, 5.905492435151139
32.46820068359375, 28.77305793762207, 6.4858184933235306
33.658729553222656, 29.20164680480957, 5.665879195788685
34.65604782104492, 29.83024787902832, 2.168354501834844
35.694210052490234, 30.58560562133789, 4.124407994763066
36.68790054321289, 31.56697654724121, 5.127209103022893
37.32462692260742, 32.38579177856445, 5.100339918153424
37.90684127807617, 33.22136306762695, 5.113130152734273
38.48281478881836, 34.06819534301758, 5.117111542424379
39.00519561767578, 34.94063949584961, 5.063714032170833
39.452598571777344, 35.89996337890625, 6.189045032189163
39.83654022216797, 37.23402404785156, 7.32776846531042
39.943389892578125, 38.65579605102539, 6.492976916094626
39.86430740356445, 39.68790817260742, 1.1356463083564259
39.76302719116211, 41.004486083984375, 3.932769028033369
39.85974884033203, 42.40026092529297, 5.313624826663084
39.94561767578125, 43.48589324951172, 5.631705407570309
39.97854232788086, 44.588016510009766, 5.407298253971492
40.02740478515625, 45.741615295410156, 2.972212004310598
40.105224609375, 46.87139129638672, 4.451847004614992
40.13123321533203, 48.37442398071289, 5.147286157305546
40.19144058227539, 49.40859603881836, 1.2322328883000506
40.26278305053711, 50.62811279296875, 2.7270488662892522
40.32497024536133, 51.660579681396484, 4.171628185422637
40.40876388549805, 53.09549331665039, 4.6019412363222045
40.43330001831055, 54.09626007080078, 2.7194154945601707
40.47622299194336, 55.15986251831055, 4.281643912198348
40.395931243896484, 56.63544845581055, 5.274618344409534
40.18671417236328, 57.72893524169922, 5.72249033994858
39.91566467285156, 58.8372688293457, 5.666541650550243
39.52838897705078, 59.8972053527832, 5.64226444693333
39.06660461425781, 60.950828552246094, 5.851440520024303
38.45577621459961, 61.94514465332031, 5.729777769835135
37.72214889526367, 62.75555419921875, 5.212296403173692
36.8998908996582, 63.34745407104492, 5.0765800584704195
35.994163513183594, 63.845008850097656, 5.249564251471569
35.0018310546875, 64.32623291015625, 5.830459920589273
33.86251449584961, 64.8292236328125, 6.483599188783694
32.649654388427734, 65.21996307373047, 5.96294649170919
31.49587059020996, 65.51593780517578, 2.445530609585222
30.108829498291016, 65.6553726196289, 4.463189078758556
28.61094093322754, 65.78588104248047, 5.185941794036507
27.55928611755371, 65.94904327392578, 5.532060531464848
26.39297103881836, 66.13296508789062, 6.2683684857933155
25.12258529663086, 66.25189971923828, 6.282915955701048
23.99822235107422, 66.280517578125, 0.25182833808571004
22.696313858032227, 66.3528823852539, 4.559448233291942
21.168842315673828, 66.27752685546875, 5.369588232165726
20.042646408081055, 66.23601531982422, 5.941895767585688
18.780811309814453, 66.26972198486328, 6.498073499555102
17.532440185546875, 66.3199691772461, 5.593048839149667
16.491283416748047, 66.2890625, 1.4035703371645645
15.37358283996582, 66.28155517578125, 2.9490927521387142
14.264179229736328, 66.27015686035156, 4.413125091816303
12.754708290100098, 66.26692199707031, 5.298603896775127
11.660934448242188, 66.23749542236328, 5.6903052675185
10.388739585876465, 66.24939727783203, 6.667457966319208
9.085467338562012, 66.29154205322266, 5.532888067324999
7.9998698234558105, 66.27864074707031, 1.7801421868372884
6.8843817710876465, 66.2769546508789, 3.757377018014245
5.574667453765869, 66.28067016601562, 4.882547542106446
4.547849178314209, 66.27629852294922, 5.163898854527807
3.5246686935424805, 66.2685317993164, 5.168157940502732
2.4570469856262207, 66.27503967285156, 5.509623857073234
1.353801965713501, 66.27964782714844, 5.498687452397153
0.2535001337528229, 66.2580337524414, 5.482858886419158
-0.9624779224395752, 66.25405883789062, 7.037112349925789
-2.375650644302368, 66.30982971191406, 6.844287374745632
-3.5409560203552246, 66.35272216796875, 4.005542906119093
-4.787275791168213, 66.34626770019531, 2.972709872587845
-5.928925514221191, 66.33844757080078, 4.5322082811347695
-6.929254531860352, 66.33048248291016, 5.3223404018202585
-7.995303153991699, 66.31460571289062, 5.329601148979596
-9.062469482421875, 66.29924011230469, 5.319119741679216
-10.126441955566406, 66.31414031982422, 5.299129113797548
-11.246716499328613, 66.3139419555664, 6.014214835891611
-12.523507118225098, 66.23526000976562, 6.688241564447403
-13.794880867004395, 66.14161682128906, 5.110043421630518
-14.86451530456543, 66.12632751464844, 1.8895558965440382
-15.925694465637207, 66.12982940673828, 2.9757489929827297
-17.111164093017578, 66.12238311767578, 2.901142303967892
-18.112173080444336, 66.13701629638672, 3.9795014290310333
-19.522905349731445, 66.12046813964844, 5.316016190593468
-20.58570098876953, 66.1211929321289, 5.446838605275395
-21.734445571899414, 66.16311645507812, 6.231440087298435
-23.02656364440918, 66.17498779296875, 6.474691057783703
-24.05620002746582, 66.10692596435547, 3.58937608940714
-25.235883712768555, 66.02888488769531, 2.8510674231072253
-26.324256896972656, 65.98477172851562, 4.274472342663834
-27.76457405090332, 66.01800537109375, 5.247168674548497
-28.7862548828125, 66.06256103515625, 5.037873446414676
-29.790733337402344, 66.04541015625, 5.056976472269703
-30.7862606048584, 65.91210174560547, 5.014649965191686
-32.17885208129883, 65.40494537353516, 5.067204547143384
-33.346832275390625, 64.83082580566406, 7.370971595127908
-34.689544677734375, 64.12238311767578, 7.688643990858321
-35.916873931884766, 63.47166061401367, 5.790729860336266
-36.87668228149414, 62.84192657470703, 2.1156895556968545
-37.96194076538086, 62.19383239746094, 4.179817619962939
-39.189388275146484, 61.40605926513672, 5.242888416185027
-40.01791763305664, 60.7264518737793, 5.231175256614043
-40.72995376586914, 59.94342803955078, 5.098682658237952
-41.242889404296875, 59.054725646972656, 5.030700630145385
-41.51695251464844, 57.99364471435547, 5.827652052384571
-41.60716247558594, 56.74859619140625, 6.5137395806400455
-41.52277755737305, 55.47547149658203, 5.9994861134384045
-41.35374069213867, 54.452518463134766, 0.5538236802359431
-41.33316421508789, 53.38282012939453, 2.7763379893411853
-41.52083969116211, 52.28128433227539, 2.8092079774006047
-41.66482925415039, 51.04793167114258, 3.8554410827921126
-41.651634216308594, 49.67319107055664, 5.2374365957921984
-41.62407684326172, 48.593544006347656, 5.629299418113995
-41.66661071777344, 47.409358978271484, 6.151739781922691
-41.72413635253906, 46.18992614746094, 5.287666921751079
-41.73850631713867, 45.0382080078125, 2.2995214064910607
-41.738197326660156, 43.71636962890625, 4.2184385273520535
-41.71852493286133, 42.32804489135742, 4.722552518467488
-41.70264434814453, 41.17580795288086, 2.96141047827402
-41.55123519897461, 39.82002258300781, 4.004915744471018
-41.3919677734375, 38.640625, 3.9696580854776746
-41.09016036987305, 37.40244674682617, 5.059717490385639
-40.82727813720703, 36.36698532104492, 5.427568277930874
-40.42424392700195, 35.303733825683594, 6.173330557563054
-39.791900634765625, 34.2170524597168, 6.23875947843786
-39.071632385253906, 33.334529876708984, 0.6905160392100685
-38.401676177978516, 32.52029800415039, 2.2678910430236527
-37.77397918701172, 31.619369506835938, 2.223372781392674
-37.02223205566406, 30.614614486694336, 4.060280714897861
-36.038700103759766, 29.652494430541992, 5.032274417208394
-35.17348861694336, 29.085006713867188, 5.099912226017883
-34.19300842285156, 28.703475952148438, 5.223353654274423
-33.16197204589844, 28.562503814697266, 5.282577826290549
-32.10664749145508, 28.591100692749023, 5.2908271582919815
-31.057926177978516, 28.733383178710938, 5.3018134375532915
-29.95072364807129, 28.945140838623047, 6.652933272337471
-28.46982192993164, 29.22699546813965, 7.7659216406615394
-27.069625854492188, 29.413129806518555, 5.928790769440272
-26.022512435913086, 29.410226821899414, 1.4665166023642338
-24.68596076965332, 29.256757736206055, 3.945922165385621
-23.292621612548828, 29.09709930419922, 5.2719378148273375
-22.261552810668945, 28.923358917236328, 5.234584622199356
-21.22654914855957, 28.784109115600586, 5.198906596052501
-20.191762924194336, 28.712535858154297, 5.183479041980459
-19.11086654663086, 28.63099479675293, 5.815477295983462
-17.86359405517578, 28.46848487854004, 6.5843811893680675
-16.576494216918945, 28.291017532348633, 6.254794538541996
-15.530851364135742, 28.20547103881836, 0.8635162155634405
-14.340887069702148, 28.180770874023438, 2.4767629922396064
-13.090580940246582, 28.15947914123535, 2.9149059378523026
-11.982364654541016, 28.151187896728516, 4.4058394804435554
-10.47201919555664, 28.129188537597656, 5.354290912595873
-9.356959342956543, 28.14878273010254, 6.039759379441431
-8.122187614440918, 28.14974594116211, 6.2643462119062985
-6.937963008880615, 28.106468200683594, 4.689742864824236
-5.859724044799805, 28.104278564453125, 2.382558491850099
-4.492532730102539, 28.07767105102539, 4.314612618181563
-3.04654860496521, 28.090030670166016, 5.061550155382985
-1.9986193180084229, 28.08500862121582, 5.352325571371193
-0.9385926127433777, 28.034244537353516, 5.312585498179472
0.12419944256544113, 28.02587127685547, 5.287335145318005
1.1767939329147339, 28.09096908569336, 5.269303065517303
2.2655415534973145, 28.138629913330078, 6.254777306263292
3.6918439865112305, 28.098766326904297, 7.335171629964842
4.953531265258789, 28.019514083862305, 4.642492386578315
6.240097999572754, 28.01827621459961, 3.1377004274362066
7.431146621704102, 28.110069274902344, 4.699271017010227
8.452722549438477, 28.146371841430664, 5.256407385982516
9.51224422454834, 28.12423324584961, 5.290699043918075
10.570710182189941, 28.1091251373291, 5.2606224694141375
11.622523307800293, 28.15482521057129, 5.244032901143435
12.767813682556152, 28.227813720703125, 6.264390898236069
14.096060752868652, 28.238754272460938, 6.746756489226931
15.20659351348877, 28.165372848510742, 3.6995213415119332
16.422964096069336, 28.14931297302246, 2.8808226955799405
17.742565155029297, 28.097023010253906, 3.3408901026607096
19.075084686279297, 28.10930633544922, 3.525819011509112
20.342788696289062, 28.081804275512695, 4.8872551931738215
21.370161056518555, 28.14469337463379, 5.180307307099909
22.43012237548828, 28.220130920410156, 5.515217595620738
23.601417541503906, 28.232423782348633, 6.204602528128259
24.88667869567871, 28.200529098510742, 6.421215934353605
26.028871536254883, 28.200551986694336, 4.276219893568424
27.25959587097168, 28.237173080444336, 2.7502708180069315
28.31543731689453, 28.24746322631836, 4.170710140162115
29.731468200683594, 28.257266998291016, 5.206273659476038
30.762958526611328, 28.269323348999023, 5.119569907296941
31.795612335205078, 28.272340774536133, 5.2858522766824105
32.864681243896484, 28.26880645751953, 5.413087930065739
33.93132019042969, 28.28337860107422, 5.3983032215123545
35.00058364868164, 28.300628662109375, 5.649511903168882
36.39162826538086, 28.263824462890625, 7.752498570026999
37.92291259765625, 28.230558395385742, 7.31088362507201
38.9654541015625, 28.275800704956055, 3.181787943843512
40.2304801940918, 28.33454704284668, 3.7274005323606882
41.575889587402344, 28.323129653930664, 5.126426708919554
42.60441207885742, 28.38091278076172, 5.17200470783026
43.63477325439453, 28.449186325073242, 5.158770421151771
44.657840728759766, 28.455106735229492, 5.186609409149353
45.72227096557617, 28.4173583984375, 5.702064106698502
46.94135665893555, 28.420536041259766, 6.50152480894463
48.24802017211914, 28.47563362121582, 6.3322067764347985
49.29153823852539, 28.494569778442383, 0.8462221446815519
50.31595230102539, 28.480688095092773, 3.1720733583372636
51.37843322753906, 28.49349594116211, 3.606285602948402
52.45296096801758, 28.448095321655273, 3.5851146927183466
53.56151580810547, 28.483495712280273, 4.202519688786695
55.02152633666992, 28.471837997436523, 5.313525577351545
56.1122932434082, 28.36909294128418, 5.589135252682016
57.27138900756836, 28.284955978393555, 6.012279272388116
58.497352600097656, 28.290632247924805, 6.09423759594183
59.55482864379883, 28.37812614440918, 3.6969052332246877
60.77981948852539, 28.416038513183594, 2.921514518983299
61.88617706298828, 28.459142684936523, 4.323987107779945
63.33324432373047, 28.458248138427734, 5.060634591129865
64.38146209716797, 28.482938766479492, 5.358400907888106
65.44011688232422, 28.56215476989746, 5.295778277337214
66.49584197998047, 28.606821060180664, 5.2586395395315995
67.54434204101562, 28.573970794677734, 5.240170766530383
68.7006607055664, 28.505094528198242, 6.437748428681811
70.08065795898438, 28.480758666992188, 7.070153841516247
71.260498046875, 28.53634262084961, 4.108922093726689
72.29226684570312, 28.54180335998535, 2.809054938863716
73.37771606445312, 28.55071258544922, 4.345409212058717
74.86690521240234, 28.66691780090332, 5.279765506667378
75.92941284179688, 28.69936180114746, 5.276882754853634
76.98362731933594, 28.653018951416016, 5.258894517994652
78.0362319946289, 28.61806869506836, 5.28158192620819
79.19749450683594, 28.664152145385742, 6.310803376226159
80.5319595336914, 28.81098747253418, 6.769023160497484
81.57554626464844, 28.921897888183594, 2.907650913231516
82.83936309814453, 28.891754150390625, 3.075318269566859
84.06499481201172, 28.897464752197266, 3.0565723610098043
85.34841918945312, 28.839752197265625, 3.830041912485448
86.71593475341797, 28.78655433654785, 5.206669289452846
87.77103424072266, 28.850379943847656, 5.288799384255754
88.85303497314453, 29.03302574157715, 5.754770765601787
90.05691528320312, 29.269088745117188, 6.412852386694157
91.30717468261719, 29.477062225341797, 6.119207897525392
92.31588745117188, 29.606502532958984, 1.3763551228396496
93.4923324584961, 29.967105865478516, 3.5682383060457177
94.5301513671875, 30.644603729248047, 4.685111128247904
95.2914047241211, 31.30328369140625, 5.214264474444046
96.02738189697266, 32.00888442993164, 5.068120355850401
96.72956085205078, 32.747249603271484, 5.110537488904698
97.34955596923828, 33.555294036865234, 5.092771772372027
97.92401123046875, 34.39302444458008, 5.042421759779406
98.414794921875, 35.39963150024414, 6.644187118966074
98.75823211669922, 36.79833984375, 7.205101137824103
98.79084014892578, 38.020179748535156, 4.519327300626986
98.68994903564453, 39.05646514892578, 2.8308012208419964
98.6452407836914, 40.14278793334961, 4.34800648964075
98.71267700195312, 41.63599395751953, 5.305259708518312
98.7371597290039, 42.75129699707031, 5.577132714104692
98.70228576660156, 43.87412643432617, 5.55535911223218
98.70075225830078, 44.99343490600586, 5.521417765517823
98.77040100097656, 46.17057418823242, 6.132883203068788
98.8234634399414, 47.44320297241211, 6.279112533313458
98.81031799316406, 48.46846008300781, 2.9979376443177785
98.82850646972656, 49.75383377075195, 3.189638156607339
98.84842681884766, 51.06504821777344, 3.277993702591813
98.87089538574219, 52.39729690551758, 3.788246125434228
98.89349365234375, 53.75274658203125, 5.178297214983044
98.89899444580078, 54.81597137451172, 5.357542693314266
98.87056732177734, 55.956668853759766, 6.270087825490326
98.89827728271484, 57.238250732421875, 6.445311728620693
98.97183227539062, 58.24880599975586, 3.0742264086203472
98.99846649169922, 59.52509689331055, 3.1445264150154806
99.0286636352539, 60.69152069091797, 4.489336689879257
99.03272247314453, 62.18134307861328, 5.186868779155516
99.04716491699219, 63.19608688354492, 5.035439359812441
99.04006958007812, 64.204345703125, 5.039447818659079
99.0285415649414, 65.2110366821289, 5.029189312597829
99.04436492919922, 66.21678161621094, 5.197585574059377
99.02699279785156, 67.45348358154297, 6.678545718962646
98.94001007080078, 68.78784942626953, 6.00639240736489
98.8580551147461, 69.89381408691406, 1.761991767398044
98.91476440429688, 71.03547668457031, 3.8851887567187617
98.91939544677734, 72.42475128173828, 5.273913566420524
98.8570556640625, 73.4718017578125, 5.251597692317712
98.8271255493164, 74.51870727539062, 5.215878767800161
98.86077117919922, 75.55815887451172, 5.192493958933513
98.86583709716797, 76.6365966796875, 5.737780323586415
98.79839324951172, 77.8808364868164, 6.532610462629875
98.7641372680664, 79.17994689941406, 6.299654271692864
98.779296875, 80.20619201660156, 1.1838267463315462
98.78624725341797, 81.25483703613281, 2.3819265966555845
98.79096221923828, 82.47786712646484, 2.822287487470898
98.79074096679688, 83.55901336669922, 4.323495421378487
98.78587341308594, 85.0477066040039, 5.223113773708142
98.77992248535156, 86.15177917480469, 5.690414248585558
98.78005981445312, 87.32209014892578, 5.954118786807962
98.77570343017578, 88.50055694580078, 5.6987157464558384
98.70763397216797, 89.55912017822266, 4.870787620658498
98.61856842041016, 90.97001647949219, 5.002045255930521
98.62776947021484, 92.01848602294922, 5.288796635477859
98.59638214111328, 93.08727264404297, 5.196926007736425
98.47301483154297, 94.13805389404297, 5.1231155995946125
98.22891235351562, 95.16442108154297, 5.6051984996170585
97.90694427490234, 96.32540893554688, 6.472443108825589
97.59228515625, 97.58354187011719, 6.362945992363841
97.39212036132812, 98.61033630371094, 0.8379770823606624
97.18682098388672, 99.86632537841797, 2.901456415347883
97.01008605957031, 101.01336669921875, 2.8268240689217183
96.78993225097656, 102.34859466552734, 4.228593982531529
96.41175842285156, 103.76930236816406, 5.263933996146607
96.14591217041016, 104.81708526611328, 5.758099873783469
95.92274475097656, 106.02377319335938, 6.33649706769318
95.71516418457031, 107.267333984375, 5.759388249400788
95.43680572509766, 108.25389099121094, 1.826629892235679
95.02425384521484, 109.27999877929688, 3.750074062324607
94.51399230957031, 110.4853286743164, 4.869543814375206
94.02467346191406, 111.38420867919922, 5.11638607320575
93.42840576171875, 112.24578094482422, 5.533647790944468
92.76422882080078, 113.14519500732422, 5.678049203891816
92.12147521972656, 114.0649185180664, 5.643387696989875
91.53130340576172, 115.01079559326172, 5.620372642342273
90.82637786865234, 116.05895233154297, 6.607967114752021
90.02860260009766, 117.08909606933594, 6.3525257667642965
89.41844177246094, 117.90567016601562, 0.7407981429208935
88.76980590820312, 118.6723403930664, 3.1666682329154754
88.00786590576172, 119.58348083496094, 4.663544370881762
87.343017578125, 120.3561782836914, 5.321852596999522
86.64838409423828, 121.16366577148438, 5.346530778839751
85.91966247558594, 121.93437194824219, 5.302081255131827
85.12635803222656, 122.62289428710938, 5.248123482241234
84.23250579833984, 123.32930755615234, 6.218630485568154
83.24217224121094, 124.156494140625, 6.567399529335482
82.31317901611328, 124.91079711914062, 4.469505395848825
81.35023498535156, 125.55745697021484, 2.614858750080679
80.46115112304688, 126.15623474121094, 2.677373869531969
79.49493408203125, 126.6902084350586, 3.261285261204779
78.41927337646484, 127.25120544433594, 4.7439447269955926
77.51586151123047, 127.74264526367188, 5.304113894640995
76.54078674316406, 128.20201110839844, 5.630039976218888
75.39794921875, 128.63421630859375, 6.392749005224158
74.1911392211914, 128.95921325683594, 5.676515551489968
73.05728149414062, 129.23460388183594, 2.167782629381266
71.81108856201172, 129.54783630371094, 4.151563175941779
70.4222183227539, 129.78099060058594, 5.186476371589127
69.39740753173828, 129.9236297607422, 5.090605758392146
68.38443756103516, 130.11965942382812, 5.23300134922594
67.33710479736328, 130.3871307373047, 5.540711017602884
66.28321838378906, 130.62428283691406, 5.502137775148228
65.2158203125, 130.76995849609375, 5.75967053190226
63.86019515991211, 130.77593994140625, 7.156855384072484
62.49376678466797, 130.73162841796875, 6.470424148150515
61.33492660522461, 130.73519897460938, 0.8894222400739915
60.23556137084961, 130.72193908691406, 3.315667695121186
58.99986267089844, 130.7205352783203, 4.810600274920174
57.96298599243164, 130.67770385742188, 5.30121129796473
56.89609146118164, 130.67098999023438, 5.315953885741233
55.83280563354492, 130.71417236328125, 5.301130036404183
54.7724609375, 130.74127197265625, 5.32807142717738
53.607513427734375, 130.67039489746094, 6.345420621948916
52.281982421875, 130.53758239746094, 6.639367269647208
51.09117889404297, 130.45217895507812, 4.5497012975871485
49.90602493286133, 130.45359802246094, 2.470820844671961
48.66889953613281, 130.46629333496094, 2.4609612465373676
47.47285079956055, 130.45443725585938, 3.8628386016402803
46.0960578918457, 130.4978485107422, 5.243092489844123
45.04011917114258, 130.47451782226562, 5.319491508454267
43.93269348144531, 130.44093322753906, 5.806185626220724
42.69729232788086, 130.466796875, 6.452630472383848
41.42696762084961, 130.5377960205078, 6.175575407834403
40.26454162597656, 130.64453125, 5.510700260984585
39.2261848449707, 130.77674865722656, 5.149494887987694
38.21022415161133, 130.94053649902344, 5.13777398271273
